183,140,135,73,173
10,42,29,77,104
197,122,7,13,126,41
49,61,62,38,110
182,102,85,46,59,35,5
122,103,192,0,39,161,33,17
133,175,154,56,73,170,38,111,115,158,179,64
186,73,175,155,46,88
86,118,3,124,39
11,194,34,12,151
124,122,27,61,185,15,114,126
80,61,3,157,130,15,135,55,41,193,140,106,9,36
181,70,132,52,61,135,156
199,38,58,100,59
66,100,0,130,9,183
147,194,141,16,40
186,53,11,74,47
86,144,171,69,182,135,58,45,129,13,127,91
56,17,124,59,38
87,33,58,90,55,163,153,164,88
199,42,159,124,83
130,194,172,78,169,94,116,149,191,171,43,92
181,49,192,16,95,8,108,197,3,161,62
74,190,178,102,62,13,16,35,7
112,16,194,13,19
199,67,21,98,168,17
38,55,15,37,123,46,133,190,32
12,172,56,72,34,124
98,132,116,40,17,187,24
180,143,94,156,57,85
41,102,67,22,122,171,165,94
98,11,68,44,104
199,178,56,119,108,191,156,172,141,134,163,37,154,192
35,140,186,153,83,168,154,41,189,49,63,69
199,71,61,33,143,153,116,105,180
3,62,170,35,187
55,147,126,157,69
181,74,41,124,92,175
168,8,186,102,158,153,66,109,48
66,111,138,28,147,192,92,56,64,118,45,130
185,75,191,198,94,154,62,13,146
137,58,132,191,68,172,190,118,184,111,123,83
187,125,41,31,65
16,17,8,22,185,122,92,67,35,86
122,178,134,130,37
72,196,126,145,93,183,45,192,78,157,103,148
55,0,47,170,133,143,75
77,155,24,66,73
191,56,89,138,42
25,111,18,144,172,100,49,21,75
8,193,191,192,181
199,189,172,41,165,88
73,116,179,180,49,127,13
167,156,55,154,153
68,24,181,8,128,122,67,83,38
24,10,135,103,73,81,45,66
146,88,24,157,172,185,51,143,194,186,134,190
199,69,94,115,92,67,44,111,80
21,68,178,193,124
118,26,153,32,134,66,170,61,124,67
155,105,163,119,67,144,80,7,49,24,168,151
199,107,55,140,51,137,16,45,167,170,132,88,136,122
173,88,110,168,97
69,181,157,165,152
42,175,29,172,168,35,154,45,52,137,132,140,70
63,83,147,102,129,144,115,192
199,137,192,118,129,140,107,128,34,146,82,158,155
0,62,56,158,37,126,38
56,182,14,129,73,158,155,170,192
100,41,76,159,92,171,105,193,132,135,136,128
137,124,8,38,190,187,40,83,142,62,188,175
171,163,182,53,29,71,23,137,55,99,80,172
12,59,90,163,126,81,29,112,33
64,53,170,18,87,26
161,137,140,16,144,168,114
199,42,81,118,83,119,24,193,46,23,96,67,171
109,135,170,75,8,78
183,184,92,77,55,109,63
74,100,88,192,172,79,171,21
102,79,196,178,46,106,51,198
199,159,27,82,12,92,8,122,75,98,134
173,122,61,105,102,156,50,197,96,13,18,144,22
199,108,140,156,66,130,64,99,12,28,48,134,36,26
45,78,58,100,178,88,140,81,124,153,144
17,94,191,44,25
52,181,103,94,51,88,183,178,179,40,169
8,61,11,91,75
199,140,137,8,57,99,45,43,106,194,88,181
81,157,171,149,7
171,182,118,111,186,71,177,67
179,8,61,11,114
199,73,134,163,191,61,183,52,21,20,107,115,196
169,75,181,118,172,101,34,17,143,122,114,0
8,100,149,101,53
7,50,111,184,157,133,158,114,58,92,170,156
148,130,186,165,161
67,143,118,170,156,94
134,136,133,27,62
51,183,187,151,148,195,31,56,153,45,99
48,85,71,86,5
19,67,37,56,114,55,80,27,169,157
41,107,18,168,173
173,64,26,181,112,52,85,184,179,95
24,90,34,136,98
15,124,108,11,138,16,27,135,163,41,61,114,48
0,45,105,187,38,188,133
112,52,13,116,65
167,198,170,114,160
181,196,77,106,176,114,159
58,52,98,178,41,94,66,137,53,34,92,59,155
68,73,94,187,118,178,132,84,129
110,122,19,21,129,37,131,196,159,109,69,152
147,101,188,180,8
74,16,192,40,174
2,98,129,170,34
7,154,66,122,134,100,67,135,138,102,124,187,69
74,130,25,89,29,34,122,41,190,94,142,49
126,122,55,29,147,107,156,27,75,180,82,102,71
12,53,102,18,104,111
69,86,127,134,79
33,129,194,77,74,192,27,182,25,22,161,184,106
199,61,50,155,114,153,56,73
197,94,179,171,67,41,73,146,106,131,68,100,70
199,48,42,89,105,196,50,81,118,157,111,167,191,129
199,15,24,184,128,17,66,158,44,69,129,110
126,61,56,67,119,90,169
159,178,137,62,40,101,162
49,16,90,87,197,22,158,12,172,181,69
87,59,64,56,183,99
199,174,129,171,169,94,194,126,59,193,121,8,19
48,107,123,103,89
193,190,118,95,154,194
55,10,147,167,20
192,130,100,168,66
144,172,197,48,186,194,11,57
99,32,193,191,181
69,90,172,169,118,99,62,101,17,7,42,98,175
199,30,43,118,77,58,121,133,170,41,48
199,12,90,17,184,116,101,76,182,135,80
185,12,92,162,164
197,169,156,3,24,42,133,98,143,15,185,163,124,86
193,31,13,111,95,61
157,45,102,89,119,137,71,134,105,12,136
199,89,137,95,98,42,100,21
36,52,181,157,58,46,105
146,102,40,126,48,132,130,43,75,145,53,196,191
158,69,56,198,12,192,138,118,83,68,134
156,118,171,153,12,136,67
8,181,141,144,35,28,29,167
45,41,8,52,184,167,110,75,62,68,134,80
133,143,88,197,170
192,108,118,135,68,144,133
199,68,128,124,182,156,29,107,92,178,16,138,52
43,37,29,66,23,101,96,46,57,84
187,183,83,179,182,59,90,124,52
199,66,156,122,186,59,73,67,159,17,129,42
38,185,62,144,151
182,154,52,186,34,118,69
75,110,92,39,13
151,128,21,88,42,0
100,196,68,41,42,153,154,190,94,66,136,57,18
161,37,39,193,82
63,157,194,175,160,82,76,101,72
75,38,49,142,161
122,101,130,111,17
66,25,42,119,169,135,73,161,8
83,148,11,144,74,195,119,153,183,143,181,192,110,48
38,123,97,191,78
148,22,149,67,90,129,45,61
199,184,55,29,51,15,10,2,12,197,24,148,88,124
57,173,129,71,168,55,156,162,83
33,50,109,92,155,44,72,98,96,48,192,102
73,61,186,44,25,143,98,192,95,67,80,112,129
49,180,96,94,26
51,88,171,41,94,111,55
104,48,32,55,49
107,140,53,8,118,175,2,58,13,56,27,98
118,194,197,138,128,148,9,107,17
62,158,182,69,64,135,82,51,193
102,159,0,17,32
196,157,123,68,57
179,64,35,55,112,36,40,105
173,8,39,81,154,145,53,168
187,153,39,135,68,132
16,178,138,180,90
145,16,118,180,105,17
154,10,100,95,141,105
21,131,168,197,64,118,134,73,14,149,94,184,170
38,48,172,171,82,51,99,29,12,74,95,185,158
76,194,64,146,93,24,182,181,88,193,7,172,77,40
199,113,196,51,183,105,182,194,45,40,103
105,56,12,151,43,155,187,48,101,13,88,119,182
199,132,47,122,115,129,137,12,10,86,124
144,12,165,138,45
199,152,192,194,44,126,119,57,33,27,195
199,80,95,110,183,90,15,61
101,105,161,107,188
124,102,107,172,48,101,154,99,167,128
33,191,128,190,153
186,80,178,137,17
199,142,76,94,134,95,191,123,153,166,157,31,169
199,186,129,126,155,185
192,37,142,168,178,153,161,51,86,108,177
107,111,193,190,84
199,86,62,77,122
199,132,100,95,155,109,197,50,61,157
137,14,107,96,163
178,134,94,121,52,17,0,101,12,149,116
12,42,97,49,27,50,62,57,171,145,118,129,31,138
187,191,160,20,98
124,186,113,102,73,1,62,150,168
51,120,170,56,2
31,86,38,33,103,41,170,140,53,145,154,139,117,181
134,8,187,101,159,98
199,156,52,51,158,127
135,78,173,18,92
198,92,185,111,47,52
80,158,101,170,156,99
156,131,38,138,49
163,153,123,101,35,105,145,154,122,58,71
186,107,102,163,156,154,174,90,41,65,55,98
142,172,188,16,69,56,68,102,41
39,75,32,83,107
196,144,64,73,114
199,38,80,67,89,0,119,28,66,168,15,143,82,46
137,178,140,92,87
156,66,61,1,178,146
62,100,68,105,31,157,169,65,74,36,42,51,41,115
105,167,16,155,185,50,43,123,154,183
107,172,178,13,7,108
124,135,16,104,142
85,12,42,19,187,121,172
132,77,57,98,181,130,126
128,145,135,170,76,83,196,14,111,58,161,36,147,62
18,196,133,138,37,134
156,191,157,98,90
141,89,186,80,142,52
28,111,105,144,122
199,191,5,32,195
126,183,53,46,187,182,105,55,140,50,92,100
109,95,77,167,196,74,68,89,136
196,57,13,142,9
186,117,32,11,14,155,134,25,185,154,178,171,63,50,57
156,67,129,181,107,154,64,49,182,142,79
199,132,52,31,150
134,68,52,13,128,163,85,191,150,131
94,179,169,178,82,44,134,194,153,48,59,12,109
92,129,94,43,184,80,82,83,150,132,140
129,153,94,192,163,97
62,98,140,26,68,154,95,123,20
62,80,69,192,122,16,7,61,158,82,75,119
36,50,90,176,105
172,80,7,186,170,18,108,36,26,132,133,193,11,81
98,154,73,36,140,126,170,74,32,26,181,62
90,15,34,185,165
48,145,187,71,12,14,61,90,134,66,186,100
182,63,73,82,17
199,46,191,135,133,156,186,47
8,31,105,33,83,81,93,181,195,101,52
199,56,48,167,173,187,73,8,175,163
66,56,0,190,39,178,137,50,159,152
137,80,192,135,84,104,37,40,198,97
41,58,107,59,68,38,175,171,140,61,141
45,179,158,28,153
169,180,30,135,133,149,196,100,67,146,165,140
42,53,25,13,61
84,157,48,129,62,86,113,175,165,95,111,80,98,76
76,198,26,36,92,146,16,7,57
0,80,167,42,157,172
62,178,16,77,51,21,95,110,196,90,132,135,33
8,64,126,123,74,25,187,36
51,155,183,154,97
199,110,17,182,190
8,175,186,193,168,126,137,140,179,90,124
101,123,105,108,184
118,171,82,68,126
107,77,52,83,136,24
199,114,56,154,198
194,41,197,62,38,143,144,192,33,186
38,67,92,69,155,184,16,146,142,153,131,74,49,19
199,19,169,104,23,15,124,34,46,100
196,85,143,154,129,115,108,171,102,38
199,143,126,145,7,129,88,101
68,156,190,53,13,193,49
164,25,171,96,44
68,133,147,141,126,56,16,55,158,170,30,107
9,8,80,73,134,57,123,32
67,130,137,50,88
108,78,56,191,172,37
199,134,101,168,194,128
80,193,170,71,51,56,161,191
68,144,0,102,145
134,94,95,145,159,4,98,53,119
103,51,75,114,116
126,105,160,123,89,7,73,100,57,2,185,13,76
142,40,97,180,160
18,35,56,50,111,80,21
111,163,175,92,36
105,102,188,191,148
36,37,106,107,160
187,137,12,190,37,72,24,85,116,196,38,162
173,70,48,59,122,19,52,145,40,72,107,147
118,183,29,160,197
183,110,100,135,73
178,21,100,167,129
80,163,137,29,191,183,41,159
199,51,142,163,35,12,94,145,24,67,71,148,194
26,173,80,154,123,111,61,62,8,33,148
67,153,171,69,55,107,8,21
159,83,186,2,107
168,142,18,53,80
147,106,118,49,130
157,148,61,184,48,146,110,80,38,25,172,87,75
191,114,187,115,108
37,126,183,101,194,186,10,44,63,27
18,57,2,144,9
52,29,69,68,185,167,157,0,123
22,132,35,124,13,75,173,91,18
199,133,12,157,116,86,126,122,151,15,101,156,11,68
199,195,12,104,7,127,0,31,133,100
35,93,95,65,128
80,122,16,30,105,183,67,181,63,88,50,107,100,190
71,168,122,73,135,105,29,92,167,75,193,67,57
163,181,32,109,129,87,53
41,134,95,29,158,62,68,40,17
8,68,163,18,4,83,23,84,191
109,17,33,163,186,58,191
21,35,68,72,106,7,142,174,147
14,154,129,48,168
146,126,34,183,49,17,198,7
118,113,144,182,24,190,116,128,15,55,177,72
46,155,139,52,13
184,133,130,192,52,94,150,76
21,85,32,87,186,138,95
167,155,26,29,159
167,80,112,37,64,42,16,146,103,2,18
83,67,163,55,116,12,190
13,140,49,159,16,152,129,198,121,68,144,126
19,172,31,85,157,18,101,89,82,175
144,93,53,25,46
179,133,8,84,0
69,143,155,94,85
186,33,173,100,55,143,168,62,83,26,101,126
111,135,155,85,134,197,55,2,133,163,192,103,43,180
17,51,168,119,66,194,128,137
182,175,5,116,10,21,187,118,26,178
36,193,43,131,11
190,141,168,194,151
144,195,81,20,183,185,31,133,165,158,151
170,92,155,10,120,124,197,194,89
56,90,118,173,180,121,55,110,66,191
119,143,182,170,8,163,132,183,51,75,114,144,146
157,55,135,97,56
199,42,58,73,66
199,77,62,57,25,55,31,26,187,29
81,53,101,32,192,19,131,129,90,51,150
147,22,146,64,171
186,143,76,155,38,114,187,165,16,75
179,100,137,172,80,36,17,98,173,105,88,167,123
96,171,185,109,141
199,157,191,164,93
192,18,56,130,127
134,129,178,29,157,77
142,58,108,100,28,14,104,70,3
122,95,62,105,7,31,83,66
24,194,16,92,74,124,174,77,58,150,68,53
116,67,39,19,15,77,41,183,94,100,43,76,27,186
84,73,126,109,184
199,158,138,35,48,80,8,178,71,182,110,148,69,189
199,143,71,147,123,127,122,31,192,102,28,32
99,143,48,12,170,148,181
108,138,170,153,80
197,56,55,101,99,102,113,38,190
155,68,26,63,20
183,83,27,34,46,143,171,147,67
199,109,188,169,62,100,14,69,31,118,94,134,198
71,51,122,147,68,35,145
170,51,63,151,62,99,192,130,32,86,181
108,158,78,100,49,175,89,172,197,61,48,126,87
32,172,187,124,159,167,94,137,55,49,48,122
187,51,108,80,188
199,129,187,72,122
67,66,162,30,123
57,71,153,128,148,135,119,168
52,186,179,123,77
181,163,161,183,92
199,185,178,110,163,154,46,52,44,192,181,69,39,134
32,120,173,123,86
144,154,101,171,98,12,174,34,56,18,32,55,108,163
73,53,76,164,169,170,67,11,110,85
187,38,158,129,138,179,162,12,168
19,115,53,158,179
194,58,55,15,3
74,95,100,123,157,178
156,51,134,29,35,8,98,62,197,20
100,66,43,58,167
130,135,180,172,163,66,76,80,194,77,192,12,94,73
199,191,104,98,156,134,146
199,159,145,102,173,12,140,13,35
199,161,14,39,0,26,37,8,34,108,118,53
29,141,20,21,40
184,81,8,71,31,72,73,190,95
101,165,3,35,147
192,141,134,132,46,155,12,21,126,73,158,88,124,10
99,52,56,58,37,47,144,145,197
144,27,168,9,53
143,3,13,33,94
108,171,55,24,164,104,41
101,58,67,130,90
57,102,79,39,63,29,107
7,99,61,172,25
178,123,61,67,197,49,157,95,154,82,6
195,191,27,88,24,120,163,53,36
18,191,180,68,137
116,58,111,138,148
146,178,34,4,5
144,80,159,158,56,62,116,98,100,25
52,48,62,80,66,73,163,50,106,5,26
92,129,31,164,181,51,179,135,144
56,161,61,181,17,18,157,45,128,118,122,115,77
105,57,132,68,174,52,124,178,154,66,138,76,71
21,71,158,163,183,129,150,137,168
199,53,20,153,160,101,156,148,67,130,108,143,187,17
144,197,109,71,16,13,73,131,11,184
163,194,22,185,26,58,154,10,55
134,186,192,88,111,13,160,57,196,103,74,122
183,133,172,95,130,101,89,49,157,32,8
24,163,67,184,194,95,134,38,64,66,30,42,111
179,76,29,85,10
199,37,126,182,140
121,175,138,61,123,182,193,8,116
111,116,105,8,138,168,45,163,126,74,58,76,1
154,83,111,161,42
69,73,104,146,38
154,123,172,92,130
111,126,46,106,2,19,21,71,101
171,55,148,191,121,48,70,192,17,184,26
199,170,101,178,38,90,48,95,156
8,194,186,184,45
175,156,86,150,88,27
182,129,128,99,158
113,80,193,101,178,48,55,167,36,146,29
19,194,98,126,140,80
144,154,56,48,67,75,61,96
186,35,183,100,133,197,104,11,12,41,22
154,155,103,145,198,89,140,186
78,46,167,29,93
126,183,46,108,31,32
157,194,184,13,94,181,17,52,42,182,64,137,198,58
194,36,52,57,118,184,18,198,50,80,62,26
199,173,157,171,178,184,172,0,144
47,171,62,107,128
143,82,73,36,88,63,51,138,23,94,132
85,56,171,27,101,22,186,165
167,25,188,166,169
160,154,57,196,163
50,107,156,157,131
183,92,19,80,8,168,159,126,18,141,95,150
48,25,24,22,42
66,77,101,154,54
138,32,90,29,193,157
116,17,62,102,68,165,190,25,196,75,73
192,35,136,194,128,173,67,170,184
137,136,140,56,178,86,141,35,79,133,50,18,3,163
124,89,5,23,117
129,155,73,133,53
154,61,33,94,68
58,148,119,191,165
101,163,5,76,134,63,143
100,122,58,171,159,180,120,36,26
174,175,135,171,124,17,56,48,147,128,187,94
94,153,13,179,19,26,48,100,90,140,197,16,122
133,38,178,95,33
199,126,58,140,98,170,46,83,37,138,29
105,47,155,158,26,42,157,24,116,46,7,174,40,86
52,135,83,122,144,143,157,22,107,76,146,98,175,61
199,127,37,52,96,48,164,93,112,1,146,8
47,104,163,113,51
146,111,185,174,68
199,52,118,155,81
118,68,186,81,143
155,140,174,4,153
194,128,20,86,153,52,66,74,173,43,101,144,80
126,98,184,99,13
199,112,83,110,144,197,73,52,22,137,59,124,146,156
105,126,132,8,134,136,116,151,153,33,52
158,144,82,66,155,61,43,102,14,129,170,111,98,13
101,186,26,13,180,193,57,73,140,196,184,137
111,8,126,43,29,181,5,77,25,3,170
143,105,55,36,56
94,86,2,188,62
199,171,88,95,4
153,187,45,85,123
102,130,48,197,198
51,135,52,101,19,130
105,41,158,3,88,130,191,53,100,72,106,45
101,191,124,102,73,121,18,171
154,67,0,24,71,107,143,99,80,179
157,42,46,21,36,197,122,57,84
80,52,70,71,19,109
155,39,166,16,80,49,150
198,199,175,185,107
172,86,109,173,95,187,103,129,118
199,181,183,3,142,196
181,39,53,7,127,109,192,186,159,90,143,24
101,79,146,71,152
119,101,24,96,151,20,175
173,31,124,106,53
158,78,25,102,124
153,167,179,126,95,68
29,199,66,83,178
186,77,160,123,165,146
194,55,148,10,68,156,145,197
99,49,128,163,168,124,36,94
122,26,133,55,75,69,144,130,121,33,194,132,64,105
75,181,80,37,93,188,55,12,46,153,178,130,145,119
159,102,50,110,81,39
174,55,50,105,69,46,42,184
13,132,172,144,181,94,47,66,107,126,68
16,64,121,129,75,17,89,156,123
41,62,43,143,80,113,51,136,171
129,188,171,76,108
157,143,118,28,183,141,184,128,109,68,110,92,162
136,80,69,31,188,43,170
71,32,4,180,62
98,55,146,101,131,118
24,151,40,82,97
102,92,87,151,161,172,46,105,31
0,33,159,24,184
135,36,153,66,106
142,103,147,153,48,73
50,19,159,113,82
71,126,76,83,96,156,107,88,146,149
55,140,86,155,190,11,32
58,157,75,89,55
197,171,156,71,193
69,10,66,103,119
111,155,142,13,33,178,68,122,18,145,7
110,156,34,66,118,137
101,37,135,66,170
35,148,77,145,3
68,122,34,41,107,191,39,172,185,104,134,24,108
14,90,70,141,145,172
37,92,70,194,89
97,49,148,62,163,66,10,69,75
47,146,49,95,83,110,109,119,151,29,98,88,8,184
51,46,34,41,9
56,15,12,57,118,67,50,198,160,76,94,184,126,197
93,8,94,77,62,44,167
19,167,34,58,8,140,29,26,150,99,101,197,137,45
80,129,94,34,107,70,44,21,124,87,133,190,18
158,122,87,156,47
178,110,49,142,39,13
32,192,62,80,99,172,122,110,130,109,155,168,17,126
186,62,134,74,50,8,99,158,132,43,73,35,26,46
11,51,180,148,39
29,41,196,110,173,191,68,24,130
56,146,155,46,14,191,50
192,182,101,21,48,25,178,118,143,155
68,105,116,23,18,46
29,74,41,111,43,19,140,83,118,184,22
80,42,167,100,144,186,74
187,86,48,16,135,156,42,189
178,107,8,76,153
94,0,143,76,86,38,95,180,41,195,156,115,73
170,35,62,188,13,149,81,137
187,140,169,80,50,15,197,149
146,56,114,55,94
140,182,34,103,21,76,156,170,134,19,124,138,22,199
194,33,181,80,116,197,118,3,131,25,28
85,135,59,12,88,8,103,190,173
88,134,168,198,37,61,138,180,169,157,102,148,42,10
19,124,68,79,87,132,107,182,170,94,4,38
157,50,138,85,25,111,114
109,198,105,71,135,162,143,24,50,92,8,128
51,118,170,80,73,168,31,122
185,15,107,124,181
67,24,155,141,192,131
155,33,181,143,61,172,197,192,37,86,185,133,16,3
188,171,94,190,184,88,69,21,90,136,157,196,13
50,191,158,180,27
94,100,90,10,129,167,127,136,68,156,56,16
51,167,49,10,8
172,147,169,126,120,148,137,157,100,163,26,95,57,127
181,67,25,52,175
183,92,101,196,88,142,14,37,168,44,0,182,45
179,108,168,61,43,110,4,67,13
89,18,157,24,83,178,58,132
76,107,129,153,8
154,8,32,173,51,126
38,193,39,157,158,100,7
77,2,20,154,66,39,157,16,135,195,159,74,49,113,73
17,55,81,155,167,99,95
21,143,81,166,128
105,26,196,124,148
12,167,73,102,66,180,25,153,105,137,67
2,126,167,72,152
66,152,83,38,190,163,155,199,51
25,89,103,100,66,184,95,154,33
163,9,143,21,133
111,47,110,52,191
148,103,104,144,37
132,163,31,52,38,51,157,186,12,166
80,157,29,21,135,105,84,22,111
104,140,66,12,33,35,34,144,61,83,101,77,119
69,104,34,111,108,48,158,90
34,51,53,198,88,160,170,163,76,14
143,23,94,107,169
172,169,183,108,80
33,110,57,105,67
94,51,64,25,137,86,169,4
14,157,156,42,10,58,29,18,80,102,104,51,74,41,19
191,63,198,66,89
199,112,89,166,72
90,75,26,192,66,172,163,191,32,53
71,126,73,197,88,78,159,99,92,191,106,138,143
130,178,17,188,177
157,16,38,130,195
156,155,124,162,132,111,133,18,50,127,118
56,76,134,199,142,135
41,115,143,74,199,102,35,95,131,173,52
158,82,80,135,69,174,153,159,133,141
191,194,109,19,130
42,95,45,62,89,156,29
187,89,180,28,53,172,65,177,50,58,111,62
172,63,80,18,129,183,124,178,187,41,140,174,35,145
71,88,53,30,175,116,126,137,185,45,102
197,199,59,83,129
29,8,66,132,95,161
133,92,81,75,71,157,55,72
124,57,43,170,6
146,52,107,119,110,61,50,157,149,12,183,53,62,134
124,108,153,36,68,190,181
136,71,65,156,163,52,94,64,23,7
183,186,167,172,182,21,82,85,32
118,73,102,137,51,61,7,83
122,88,182,71,83
196,158,130,181,178,153,171,19
116,81,153,105,66,126,195,35,18,88,56
94,141,55,64,29,0,95,178,162
74,30,136,143,150,37,47,105
170,67,75,191,154,130,181,70,196,156
24,111,34,0,172,106,123,36,66,62
172,183,88,115,187
170,24,169,0,130,129
141,183,36,3,7,22
80,169,136,25,103,76,58,63,126,199,179,18,16,154
130,13,19,172,118,99,195,154
116,68,128,0,147,157
58,157,138,16,187
73,160,118,13,198,186,75,119,41
138,24,167,32,51,141,15,140,16
85,196,185,101,147,59,140,88,111,99,65,45,72,17
186,124,129,130,187,142,12,25,68,123,168,74,2
178,15,153,196,68,145,0,66,8
95,110,7,41,56,42,128,77,68,118,135,57
82,98,19,192,114,90,154,8,52,73,16,99,178,145
128,178,169,159,55
12,83,2,98,138,153,36,67,174,107,133,25
199,80,182,37,93
68,118,2,101,190
135,94,156,99,192,141,175,73,95,147,7,10
149,68,158,187,53,40,141,67,140,36,193
134,156,100,181,101,69,168,39,118,141,187,106,26,18
191,186,46,94,50,49,155,199,128
95,147,156,115,153
158,29,38,151,171
140,24,95,127,69,183
151,61,38,107,71
88,176,7,103,64
105,178,135,85,106
90,111,178,144,119,174,13,64,83,15,18
154,193,160,153,146
178,170,109,52,124,39,38,58,42,182,29,95
184,45,102,38,182,81,67,146,98,191,49,55,29,168
159,182,88,194,138,167,161,82,38,22,48,119
32,18,143,29,66,167,19,109,178,136,182,76
129,71,110,85,171,173,182,49,31,14,191,167,153
183,15,192,165,199
151,126,186,66,141,43,122,26,197
154,171,27,90,2,20,190,93,132
128,18,170,184,111,148
88,74,111,95,83,170,73,155,183,51,31,144,42,103
43,186,36,154,21
184,89,124,175,81
156,27,155,33,170
112,163,66,98,57,154,72,17,123,192,7
180,159,0,72,122,66,38,196
181,167,199,144,153,135,12,185,158,171,191,15,111,34
101,129,132,82,134
42,67,186,114,88
100,52,180,163,50,168
10,148,67,42,169,141
98,127,13,48,140,197,41,159,36,93,107,95,191
101,184,158,186,49,77,72,81,143
56,82,190,32,14
21,167,18,88,73
64,81,105,32,25
94,77,178,48,147,29,67,197,23,123,143,101
163,144,9,193,3,126,192,157
129,108,24,154,15,53,105,151
175,183,123,70,196,48,88,14,62
8,16,12,37,82
20,46,108,53,75,62,13,102,100,17,71,7,126,134,140
130,166,171,23,118
156,137,100,163,62
5,129,148,157,183
170,0,59,73,36,3,194,32,157
149,165,135,114,104
172,76,62,129,158,156,68,196,128,27,103,126
90,105,143,26,131,29,95,35,130,80,64,112,53,78
188,114,193,131,157,62,153,51,128,38,189,109
147,151,155,130,86
8,29,106,34,126
159,100,153,59,163,16,169,68,156
90,144,51,124,196,126,73,17,192,179,69,19,15
138,33,181,23,74,41
183,75,28,186,57
124,198,63,47,174
157,133,186,62,168,153,98
13,66,154,36,130,11
7,29,32,67,39,52,38,82,24,78,143,50
42,191,122,41,104
157,58,7,24,105,189,103,42,194,87,73,19,41,23,91
38,90,110,2,86
179,194,192,21,54
24,170,191,73,41,8,50,132
126,10,169,106,160,173
129,110,116,64,8,131
68,197,148,72,137,149,19,101,74,100,199
184,123,86,181,71,105,103
144,155,90,186,130
103,146,122,101,61,49,136,86,20
111,175,137,158,153,99,135,177,94,9,169,17,116,162,29
59,102,169,71,133
138,42,61,56,154
68,55,171,41,17,100,156,170,8,69,186
144,142,35,173,31
90,59,136,42,19
112,172,182,128,100,121,74
38,155,163,173,102,48,100,40,143,34,140
62,56,160,104,187
112,168,169,62,147,69,170,140,63,90,73,64
129,7,23,86,199,36
138,101,150,184,137,68,26,52,183,95,155,140,198
88,51,182,21,89,156,163,3
154,87,101,94,28,56,14,20,146,157,43,61,133
76,152,185,71,124,34,3,155,70,118,135
102,52,15,143,73,55,147,128,199,69,16,67
130,100,106,34,109,59,51,131,171,145,67,135
186,100,28,199,185,129,33,168,71,17,170,15,72
159,184,49,105,95,163,52,73,85,8,132,173,37,76
41,86,32,147,39
130,122,133,146,98,192,95,138
90,158,46,161,26,179
77,175,140,98,56,181,36,174,63
56,99,101,122,103
148,52,167,151,140,153,112,67,122,198,79,91,163
50,103,144,64,15
159,151,76,110,191,61,107,192,148
129,96,29,127,38,103
183,89,28,33,159,75,68,138,61,83,107,31,58,154
35,155,158,184,68
68,111,24,65,47
182,183,34,20,113,12,144,151
199,33,109,59,21,147,170,7,48,78,159,155
90,56,57,69,147,66,99,118,186,53,88,67
106,181,119,48,36,18,131,74
18,161,96,24,97
199,106,155,80,53,139,171,184,143,48
154,161,155,129,173
11,62,179,139,151,93
199,140,156,96,59,181,197,51,157,75,116,124,67,194,191
165,41,5,108,70
129,171,197,38,98,104,29,71,140,57
116,62,131,175,61,195,167,55,197
52,158,159,184,134,182,145,22,96,149,10
52,146,92,150,197
42,130,22,18,102
58,100,48,66,31,131,19,33,173,144
133,153,73,53,99
124,121,165,63,9
199,61,171,38,196,146,81,24,198
43,24,122,18,111
199,6,10,172,23,2,24
102,57,37,53,85,112
199,39,122,46,180,66,50,186
17,148,81,175,129
197,83,113,24,124,192,58,135,140
122,184,73,67,106,59,51,187,97,57,151,28
135,102,107,142,57
167,44,182,16,123
95,113,71,192,56
33,74,51,27,108
153,116,185,33,152
101,147,37,15,52,140
151,158,88,101,106,157,133,87,183,61,49,147,7,143
42,48,129,95,180,83,192,21,41,157,40,12
73,157,109,134,178,182,151,38,113,184,61,93,140
53,178,83,191,29
199,64,77,73,132,63,144,126,192,72,178,31,172
77,13,166,35,115
123,73,135,122,26,179,88,190,29,191,58,68,155
38,134,155,137,87
143,196,140,82,154,132,46,94,183,178,38,198
61,182,101,76,144,41,12,24,95,171,94,59,126,34
183,100,59,115,39,184,124,81,78,155,80,3,38,12
191,61,132,46,119,157,35,155,118,183,186,184,154,182
179,80,157,82,51,42,156,175,170,180,48,183,133
199,136,130,58,85,41,191,158,12
95,110,18,76,112,105,147,12
59,95,19,44,170
194,193,156,186,19
169,52,42,110,15
157,32,62,194,92,89,75,169
51,104,68,161,172,19,2,82
135,151,18,41,16
49,170,146,163,135,194,66,69,118,24,155,22
51,55,153,61,81,66,115,182,27,145,142
144,171,192,161,8
49,145,44,48,74,178,102,55,122,157,151,89
135,86,12,142,147
38,158,31,42,145,73,159,196,24
93,137,73,194,126,102,118,13
187,39,170,95,2,32
67,56,8,64,46,127,145
14,76,69,56,88,150,83
191,131,13,192,86,182,83,34,105,26,123,50
27,98,47,44,40
53,39,183,118,13
58,132,16,38,153,102,157,94
88,46,71,122,82,138,187,181,66,137,175,83,167,101
19,27,121,116,163,110,124,46,77
180,124,88,38,183,144,56,109,66,123,42,31,73
18,150,92,160,119,100,158,137,171
143,82,145,95,105,101
199,191,124,105,131,0,181,27,59,84,3,91,175
80,77,95,91,63
104,196,135,164,77
199,73,26,12,143,45,93
67,175,112,191,71,193
94,17,68,187,172,110,145,138,45
21,85,63,121,157
107,186,42,29,26,101,8,159,156,43,157,158
140,36,118,132,146,41,170,11,116
184,172,156,10,113
119,154,16,3,22
178,49,132,113,172,133,134,57,69,21,103
145,24,8,100,175,32,64,147
199,182,171,188,110
199,124,41,105,90
31,191,94,38,39
143,31,124,106,28
9,42,194,35,170
153,182,138,34,90
124,118,140,126,127,43,80
187,33,186,192,135,7,197,161,106,133,34,43
42,27,24,46,82
134,56,13,2,57,193,38,77,173,122,40,102,36,183
199,15,182,94,186,137,124,33,55,116,151,192,65,24
118,158,103,5,54
24,191,132,40,98,135,38,27,74,169,153,21,145,181
0,174,90,21,158,122,120,97,115,11,145,153
83,7,137,98,161,124,104,135,107,9,191
119,136,39,182,23
75,58,163,119,108,74,143,41,147,28
199,38,56,96,2,169,74,153,178,184,66,144
101,135,152,133,117
148,52,42,31,8,169,68,118,152,19,26,116,36,77
72,56,173,110,181,25,132,49
188,182,58,92,98,12,172
24,50,157,36,105,42,197
137,147,5,168,113,55,53,77,33,10
25,133,184,191,175,61,13
52,71,169,140,144,19,123,171,53,168,192,100,193
74,15,101,97,44
49,16,186,80,138,187,15,194,182,68,168
58,31,17,184,46
23,82,69,191,181,49,175,183,107,47,28
73,25,119,45,74,15,131,105,91
190,38,122,95,16
194,138,156,69,144
80,144,136,134,112,36,132,102,57,64,95,142
199,163,196,143,156,50,101,34,148,51,111,46,93,63
184,134,118,22,51,186,132,105,144,122,49,101
100,155,138,38,88
187,169,28,157,116
199,170,184,198,73,173,58,140,144,80
88,175,183,44,168,124,62
77,177,73,123,171,15,184,13,134,190,34,57,65
128,69,0,23,43,87,152,80,122
199,101,172,98,134,75,196,194,145,186,29,187,90
16,15,44,23,121
185,167,119,66,100,192,50,86,191,102
181,8,170,12,190,18
55,26,164,72,10,149
51,8,58,109,173
164,93,115,163,49,88,66,75,65
33,1,16,24,114
140,64,181,191,66,182,8,29,68,38,141
25,19,31,158,16
118,76,157,7,83
97,183,81,144,41,178,150,186,12
199,10,70,56,67,82
66,196,49,7,163,172,135,169,27,36,136,45
140,76,188,129,101
199,111,155,68,90
10,110,145,180,153,123,90,67
140,37,49,16,11,181,26,127,24,178
17,53,161,118,142
161,0,23,89,28,66,170,67,11,51,83,113
141,167,78,100,129,92,136,142,132,27,57,138
83,23,38,7,169
199,18,64,90,185,118,151,71,51,63,104,181,27
134,53,16,87,192
61,75,127,98,149,167,35,88,174,97,171,190
76,89,109,13,180,0
145,88,52,85,66,90
122,88,179,2,186
43,159,191,76,190
43,8,62,33,15,36,19,166,51,70,124,40,137,186
98,58,103,26,145
109,24,8,56,85,114,69,48,146,50,73,71
49,178,72,39,95,126
182,174,18,111,41,126,34
191,126,105,96,195,181,53,50,144
18,154,106,179,167,184,40,102,96
38,119,5,115,56
42,190,113,170,161,41,2,140,129,88,61,122,182,77,34
29,135,13,32,124,155,140,156,46
118,25,182,161,68
67,140,81,64,174
55,36,191,167,154,85,45,196,83,115,158,126
186,190,49,194,138
184,111,96,86,192,93,107,98,190
124,190,158,197,100,74,175,71,51,77
199,53,142,170,83,173
129,154,71,158,135,74,14,183
38,122,67,27,124
175,111,150,162,99
135,187,58,80,13,142,10,163,15
94,184,175,51,68
62,27,43,154,178,70
10,140,0,7,49,75,168,86,95
24,172,159,74,130
199,182,171,156,92,100,57,155
199,76,144,179,20,131,124,29,6,137
111,171,55,174,10
56,42,124,171,68,52,13,95,54,86,25,82
163,101,41,102,66,115,8,122,57,179
199,98,184,81,158,48,142,197,186,178,59,187,153
18,185,156,27,101,95,83,68,10,181,31,102,19
29,24,95,108,161,66,90
187,192,144,52,16
199,183,30,169,128,98,19,135,80,110,165,141
190,24,35,91,33,173,119,53,151,187
154,59,3,75,141,132,104,173
73,36,88,50,84
135,45,194,107,56
24,108,171,12,22,25,136
161,105,187,56,30,144
29,184,186,85,108,48,96,19,111
152,128,26,137,80,8,182,173,67,166,25,188,160,35,29
199,172,7,150,83,182,26,116,186,31,123,35,100
145,168,11,43,75
1,146,76,37,123,157
138,194,41,144,169,36
67,194,153,169,0,193,164,149
163,135,42,146,153,40,105,111,28,187,102
66,18,71,46,34
158,155,110,187,135,157,13,38
163,114,5,12,111
138,66,191,148,34,12,186,153
132,18,58,53,111,35,154,156,16,95,93,122,133,83,52
12,98,67,65,42,174
105,77,51,175,13,197,182,171,95,194,74,187,15
52,40,173,130,131
188,96,110,46,198,100,48,55,171
199,157,102,90,132,142
80,39,140,154,46,98
185,37,25,157,79
51,154,73,42,49,68,158
199,69,29,157,10,178,45
199,192,100,45,143
8,49,76,86,137,44,122,196,71
34,144,47,197,177
144,86,197,73,12
105,163,39,74,84
134,61,158,24,1,79,91
186,49,158,178,165,34,192,62
196,105,52,80,29,116,35,95,45,83,175,42
94,171,16,163,194
102,28,194,83,197,158,44,69,172,49,134,111
49,0,129,172,108,25,115,140,29
86,148,42,122,197,33,66,173,132,18,36,103,113,15
73,122,140,21,100,102
142,153,185,36,182
157,191,174,59,2,105,62,183,116,154,179,187,71
29,124,149,101,12,98,31,132,3,89,175,178,13,118
199,107,126,13,108,133,63,141,181,19
157,42,154,68,88,143,107,12,140,58,159,90
153,138,14,182,198
70,41,29,184,58,138,101,56,98,50
199,134,55,66,135,146,94,76,102,192,47
199,163,157,122,178
90,183,11,92,123
193,155,80,53,188
155,21,12,108,118,140,62,193,2,109,107,157,7
143,195,181,192,55,160,8,100,61,129,190,197,83,148
187,148,32,51,138
53,94,95,66,137,154,172,188,62,167,8,58,24
123,24,8,122,42
10,52,155,146,34,44,68,24,156,91,187,59,127
181,145,182,197,175
199,138,178,187,190
153,62,163,22,167,1,55,63
57,10,102,172,143,50,74,198,72,192,49,83
96,130,158,150,116
24,144,132,66,163,22,58,122,94,68,69,40
38,158,8,81,87,101,171
26,138,128,180,81,62,20,72,118
145,27,134,75,143,51,191,55
177,184,185,23,132
68,56,10,123,32
160,192,83,156,132
102,128,75,72,41,186,126,26
56,100,108,18,102,161
175,162,8,167,63
94,23,67,90,95
186,156,140,157,56
76,154,112,162,133,195,98,48,107
101,29,32,182,162
105,95,163,164,67,122,98,87
102,175,29,135,159,93,182,61,150,25,163,101,56,130
175,194,40,142,170
187,178,7,167,38,37,153,119,56
45,131,147,145,38,126,83,8,105,3,146,94,15
184,44,134,190,18
137,67,174,52,71
72,66,128,196,197
12,181,138,26,170
190,104,154,118,75,132,184,100,51
154,33,66,95,100
142,59,192,190,98
137,87,126,6,180
26,24,58,159,29,97,170,185,184
29,154,157,188,8,103,44,189
189,65,199,90,106
165,157,29,56,174
29,109,41,49,183,179,154,137,53,80,30,111
199,18,118,53,55,41
199,106,154,8,165,29,194
37,171,170,197,188
23,8,88,29,118
52,33,88,152,190,183,171
63,14,191,124,42,48,162,118,190,158,198
182,115,111,171,18,172,13,96,50
199,141,27,101,114,67
43,41,38,0,187,137,107,42,144,127,177,169
133,118,37,169,8,24
199,18,107,132,69,19,53,182,113,2,73,121
140,29,104,74,24,68,105,145,178
136,71,38,13,75,94
83,145,171,126,27
26,196,128,109,13,62,29,116,28
118,88,75,163,7,102,135,52,61,153,185,126
171,102,144,63,8,88,68,118,80,50,52,137,193
172,34,80,114,53,156,17,141,38
199,17,67,43,180,58,20,196,141
68,107,101,149,156,34
59,170,52,160,162,119,2,92,132
50,57,133,30,48
172,175,133,122,47,52,74,67
199,155,191,61,173,183,86,52,0
182,56,100,18,50,173,29,38,181,82,188
163,76,22,87,187,103,17,37,135
32,38,106,3,41,130,133,96
17,170,21,175,48,143,26,191,105,30,190,102
171,153,128,68,137,129,109,23,10,108,122,178,6
7,135,169,12,18,129,163,194,109,100
83,73,2,157,78,178,170
16,41,72,42,10,155,36,38,123
119,37,65,190,41,126,182,94
33,80,24,109,198,88,34,132,129,184
69,94,144,172,184
132,41,33,46,5,80,49
128,169,7,45,181,124,87,21
159,35,83,87,53
195,57,134,178,84,126,34,61
98,106,186,151,143
142,102,170,135,133
22,89,185,135,95,118,81,158,103,151,128
34,24,68,61,66
145,103,48,112,181
197,151,29,77,30,36,15,101,92,43,105,155
182,67,107,52,197,171
199,126,116,156,57,95,93,107,3,27,161,119,190,154
96,89,8,21,66
137,100,156,32,63
186,163,41,29,69
179,94,116,73,31
21,66,33,96,5
108,29,101,78,174
65,37,67,99,172
199,186,198,88,146
67,88,120,84,32
75,90,62,14,72,129,173,49,128,36,103
168,95,114,197,173,154,3,141
49,94,77,186,156,146
73,3,197,185,55,102,88,81,159,153
199,155,193,18,124,122,19,42,13,159,168,194
196,47,39,100,77,126
172,111,143,187,155,184,35,8
21,32,66,31,168
199,85,143,127,87,173,7,172,124,61
174,123,35,105,175
102,133,95,185,66
21,105,57,69,147,153,184
99,95,62,108,193,136,167,140
154,75,163,88,156,111
163,68,159,83,44,38
8,197,160,196,116
110,57,8,187,129,67,74,103,61,90,45
137,58,146,51,88,42,27,123,77
52,80,27,51,134,73,192,24
171,55,167,192,194,82,61,187,124,143,86,37,33
24,183,94,187,52,148,184,74,100
153,144,49,184,181,56,41,102,55,178,175
7,158,66,118,52,15,196,144,105,17,151,59
61,190,137,128,33,161
140,196,80,7,132,95,138
100,159,49,140,179,156,187,26,136
186,17,73,158,76,169,191,111,144
51,118,196,191,42
199,157,24,152,48
61,66,37,59,101,111,39,119,81,76
34,144,191,167,143,136,142,157,46,95,124,3
110,59,100,58,184,8
186,89,111,29,165,95,144,75,38,193,168,175,48,169
24,158,196,179,140,184,86,122,132,18
90,194,55,159,123,48,156
68,132,67,90,41,29,118,131,138,187,0
122,16,12,13,72,56
179,72,77,180,61
172,100,61,29,73
35,153,27,157,14
155,88,67,168,86,196,178,64,122
12,85,62,168,58,122,163,182,28,13,30,27,95,130
106,119,12,94,73,100,72,138,35,116,0,170,168,187
68,96,99,4,153
32,23,82,162,50
52,68,27,21,129,81,100,167
48,132,143,61,31,41,156,129,36,64,95
172,119,155,36,104,12,61
170,181,72,140,25,118
118,181,179,194,137,55,100,97,173,114
199,57,124,67,146,129,159,73
199,149,108,167,52,83,172,192,73,49,77,128
36,185,38,158,21,130,68,22,76,73,79,178,26
199,104,147,53,180,181,15,10,102,134,16,129,99
154,64,19,102,158,29,68,75,104,114,31
184,173,107,30,71,144,127,137,118,185,31,43,28
135,118,67,158,129,75,153,187,76,51,151,61,197,167
18,12,116,156,19,17,56,197,187,107
199,71,104,73,62,94,111,8,158,29,135,72,122,171
49,146,127,47,122
32,90,70,54,0,178,153,159,23,50
173,138,185,77,158,189,196,129,24,89
21,157,126,52,167,89,172,142
3,82,7,28,86
199,19,193,46,133,51,158,168,89
71,15,0,24,46,158,48,95,16,9
173,158,24,148,170
90,101,118,151,183,130
61,171,135,7,113,10,99
183,61,152,29,159,132,42
57,188,193,72,71,36,107,77,74,8
168,81,183,188,158,140,196,131,148,100,10,156
109,157,32,156,110,94,193,52,34,111,147
12,134,34,39,17
199,8,148,188,66,137,68,185,64,119,181,26
120,80,111,38,100,36,43,109,135,143
56,129,157,175,197,14,179,141
155,43,32,98,139
24,142,56,172,14,4
88,135,183,36,72
104,134,29,159,46
48,165,92,134,98,135,116,47,68
187,197,29,105,59,156,146
199,144,189,92,80,67,155,66,107,56,1,184
190,59,105,196,71,63,118,175,102,40,3
79,132,18,27,145,186,33,149,48,157,26,80,43,19
26,94,95,38,63,105,72
100,62,42,199,136
173,29,181,12,104,154,113,16,92,132
134,44,100,148,42,102,133,172,77
55,172,190,56,135,38,153,195,138,155
42,7,33,50,27
85,162,135,123,130,165,109,42,71,172,28,95
171,175,19,76,85
9,115,129,193,55,80,143,38,93,158
41,21,62,71,36,101,19,86
107,191,181,51,183
178,42,170,94,137,12,56,133,46,22,55,24
199,65,100,108,96
171,187,169,183,172,127,145,178,59,29
92,199,146,58,122,67,158,194,138,159
158,102,13,126,172,76,97
134,73,133,87,132
103,179,175,26,181
157,190,113,132,159
149,13,10,182,152
24,185,154,3,178,127,148,163,107,111
144,1,17,160,183,135,67,188,81,48
107,191,29,197,149,157,25,172,38,0,130,4,21,55,59
3,69,146,138,17
59,154,46,194,62,175,137
144,94,52,77,184,123,197,63,176,162
13,69,83,111,154,88,184,33,127
8,186,51,113,24,191
66,100,137,154,186,39,169,50,101,80,51,26,49,144
29,90,159,187,146,167,131,142,109
145,52,48,123,173
64,27,187,150,173
186,57,118,106,69,58,83,22,8
199,135,192,2,25
172,36,24,90,17
199,37,61,85,192,135,27,39,179,143,196,190,82,184
183,56,61,84,178,127
105,183,157,123,27,156,84,0,13,66
183,126,147,108,105
163,185,59,19,156,135,96
8,26,0,155,123,83,32,163,140,55,135,90
21,98,55,119,197,196,47,184,140,157,107
192,24,74,196,141
98,89,179,113,157,138,2,27,180,62,164,31
12,172,69,119,158
151,198,189,27,35
61,197,99,163,185,26,194,89,148,189
115,80,39,32,16,112,26,137
83,24,45,2,157,102,76
32,52,48,191,100,179,80,93,19,129,134,193,98
26,127,94,195,182
144,174,53,7,126
98,85,146,160,173
165,140,29,138,118,8,46,82,12,34,81,85,126
66,100,17,158,142,13,27,184,119,134,171,36
154,26,158,114,138,156,59,149,47,140,7,133,171
113,68,29,38,26,109
89,94,194,22,18,167,32,45,38
179,1,98,185,166
197,124,144,130,55,134,25,180,183,64,143,107,33,43
13,24,26,113,9
159,17,110,82,41,195
199,92,107,163,49,123,56,156,139,43,121,127,18,170
199,28,135,116,24,190,37,78,44,157,193
199,146,94,107,36,29,148,160,40
199,190,186,105,17,167,122,73,188,127,88
51,56,148,171,120
141,46,179,188,59
67,182,51,140,46,186,28,101,161,175,69,83,57
42,184,99,108,121
187,192,126,159,162,143,105,196,95
113,124,92,149,52,68,20,148
22,13,169,162,40
199,29,42,95,7
88,155,15,130,168
170,178,197,105,173
12,67,51,122,33,55,151,94,29
47,36,39,126,42
147,55,150,168,104
36,0,76,77,53
193,122,56,170,191,15,37,32
88,0,56,23,77,21,37
38,76,126,182,43,197,29,128,72,30,143,148,111,120
123,159,0,180,190
100,111,136,87,193,53,185,27,105,172
16,14,110,134,163,187,0,49,144
109,180,184,12,108,118,168,29,100,198
73,140,101,148,153,190,70,12,103,24,171,135,82
52,110,126,29,42,154,132,111,94,81,173,124,62,105,113
199,69,169,49,159,52,59
144,29,157,187,48,39,138
122,55,156,61,172,15,130
66,18,173,154,12,110,39,80,44,124,10,86,181
26,107,45,114,184,94,56,179
16,141,179,178,80
169,190,76,95,22
178,71,124,100,75
182,122,104,155,143,99,53,0,37
199,107,187,46,57
158,83,18,157,159
155,196,80,180,105,178,81,44,50,140,34,157,46
118,169,16,113,181
104,77,26,73,134,154,126,34,29,7,43,31,128
158,154,77,52,140
103,16,107,158,142,90,73
156,186,172,23,162,33,182,69,36,53,34,178
18,177,135,10,40
90,155,64,146,49
122,146,101,76,74,109,169,124,127
155,161,162,183,50
199,98,167,20,73,19,63,43,104,170,92,41
153,17,135,105,172
12,197,187,86,14
146,50,11,129,47
101,126,157,156,52
180,170,22,89,158
167,8,173,51,158,7,66,145,19,62,49,94
112,19,189,91,115
30,62,33,66,128,184,21,191,106
100,116,195,32,196
124,48,173,41,36,16,64,94,80,153,123,194
90,12,83,129,186,120,145,52,182,178,87,153,29,191
51,95,71,193,27,140,153,42,106,30,34,167,38,182
66,21,191,50,76
190,94,52,88,73,42,104,158
81,108,119,11,63,191
133,170,156,144,159
20,159,110,40,175,83,24,42,12,183,171,87,69
199,172,175,124,110,171,36,122,35,75,158,51
40,135,191,12,175,168,38,42,95,36
68,73,8,110,118,189
51,135,25,182,198
67,142,73,118,167,38,55,48,179,145,165,13,58
92,130,129,75,141,24,101,90,146,175,163,196,105
158,147,53,186,10
101,0,20,157,78
194,75,37,61,196,106,18,36,34
123,131,56,146,135,10
131,41,126,32,37,195,146,182,6,154,44,67
47,22,183,17,155
7,169,52,16,95
157,21,67,68,118,94,30,136,149,186,107,27,80,58
21,135,17,18,123,105,67,191
186,158,98,122,169,73,184,109,71
100,41,152,146,77
24,19,159,33,187,181,102,186,157,82,131,57,53,198,153
194,59,62,191,141
26,25,38,46,56
55,44,184,92,172,51,33,102,158
199,122,89,194,120,132,134,73,196,69,96,19,21
8,71,45,89,55,178,57,157,86,13,99,56,77
88,2,132,105,36,42,183,7,30,182,102,25,138,48
199,86,143,68,94,27,184,47,85,198,183
157,67,113,58,8,126,159,37,52,137
199,194,177,29,16,133,136,122,82,3
88,20,105,81,184
77,168,134,114,132,38,153,155,151,147,108,174
178,194,157,143,151,52,29,146,155,93
89,47,52,57,184
199,145,66,101,24,146,198,77,122
41,102,120,118,169
18,13,153,89,144
199,150,39,171,56,197,23,107,45,94,181,169,99,122
45,197,92,57,37
8,153,186,66,32,35,69,77
7,136,16,119,193
12,137,2,181,42,187,52,25
144,12,190,105,169,100,79,29
199,24,22,7,87,128,102,178,177,78,18,29,64,170
58,20,184,74,85
199,186,183,148,145,107,190,87,48,8,57,61
135,104,61,24,29,155,124,102,126
114,148,84,68,9
161,11,59,130,13,34
21,104,181,101,111
83,102,158,165,183,133,95,197
178,62,89,81,197,143,138
93,181,22,197,188
190,118,171,168,53,143,19,46,141,12
119,194,38,183,55,127,138,45,80,110,101
124,16,51,56,36,96
114,144,104,175,64,111
199,59,184,12,2,183,186,126,74,66
114,16,56,25,51
33,184,171,82,187,141,182,137,167,163
135,68,139,95,73
126,124,2,94,24,185,92,144,155,17,76
37,45,175,170,26,154,33,64,104
111,81,62,39,2,187,118
178,143,40,65,124,55,179,47,108
66,190,144,32,119
166,143,68,87,193,139,188,132,74
155,158,157,49,163,170,0,107,17,147,171,56,86
140,137,147,126,76,54,95,61
95,111,108,38,37
133,62,191,116,126,68,163,102,158,155
157,158,49,86,132,63,197,16,38,159
24,61,162,113,99,41,189,97,150,107
115,58,127,144,165
48,197,188,143,128,31,196,88
22,44,155,179,94,121,144,7,66,38,92,135,105,48
199,14,68,22,55,92,66,43,124,95,13
67,78,12,15,187,62,126,141
137,50,44,184,19,52,179,173,75,77,57,5,39,96,0
13,153,51,192,112
199,69,31,124,43,18,74,126,144
129,197,191,196,42,38
130,115,168,53,167
158,186,108,194,101
43,170,155,39,67,92,102,107,49,181,156,162,137
60,190,3,184,116
198,179,148,12,19
79,72,52,67,167
138,184,118,187,44,36,26,148
15,24,124,100,41,128,37,17,175,178
154,194,170,76,178,160,135,85,16,89,106,192,69,47
151,55,46,31,41
67,120,32,40,173
83,101,140,118,42,9,157,37,197,175,29,12
56,86,46,170,88
68,115,98,175,61,45,0,139,157,13,156,25
56,68,85,150,62,57,48,19,186
15,133,102,75,83,114,63,193,155
135,49,179,85,52,80,83,42
172,175,132,29,5,51,68,18
171,50,137,88,59
192,151,51,133,113
199,29,51,69,192,178,73,106,197,137,132
144,187,85,75,47
199,129,181,196,10,118,178,132,83,102,143,12,157
51,128,105,161,54
10,175,7,49,186,95
55,157,17,128,137
40,188,13,71,186,73,145,167,95
185,156,105,58,164,144,175,17,173,110,87,15,88
26,80,197,178,107
164,53,34,48,83
150,123,12,148,193
181,33,17,21,170
37,48,164,175,115,145
53,25,104,71,69
187,9,134,73,122,7
199,36,118,13,83,68,11,105,181,19,71,167,44,88
140,27,12,129,161,131
55,37,167,41,7,163,147
25,66,98,17,69
192,85,53,67,154,16,13,36,38,182
182,183,186,126,63
105,68,71,147,190,187,5,50,137,100,99,146
101,187,90,38,23
73,80,95,45,118
157,0,38,77,106
191,36,80,123,84
88,32,18,192,76
13,94,26,169,18,109,24
52,75,197,64,126,62,142,32,27
186,146,172,118,135,194,154,124,100,145,192,150,7
199,138,145,96,169,121,83,13,129,154,66,174
186,7,105,62,32,73,25,118,158,24,102
163,188,36,55,13,38,49,170,88,154,89,166,145
58,49,62,73,156,86,166,153,2,122,107,59
110,13,58,24,100,67,87,21,178,57,114,191,195,126
143,24,64,0,35,184,11,148,9,156
169,132,37,111,101,28,86,119,156,189,63,61
74,44,51,52,33
88,195,181,71,89,56,119,124,29,38,36,183
142,55,115,37,82
175,169,116,132,157,167,137,173,24,53,159,7
199,35,173,155,43,186,191,163,170,130,18,85,107,152
192,105,129,32,30,145
199,66,68,147,42,140,156
199,83,182,81,124,165,158,29,96,66
169,145,178,179,101,14,142,48,62,187,82
61,160,75,68,146
119,124,56,69,0
112,118,134,153,147
88,191,82,185,116
199,55,2,43,118,187,27,134,78,190,161,21
102,67,154,121,130
87,169,26,80,3
40,129,126,146,49,155,187,157
147,99,101,0,52,185,35,193
171,91,130,187,61
199,13,112,94,74,128,90,173,98,23,47,37
102,94,127,182,144,184,135,35,106,93,119,122,140
39,167,71,196,68,142,129,138,157,86,0,170,88,69
49,2,188,95,16
199,196,64,169,153,2,157,135,0,66
159,126,67,155,58,168,157,61,75,190,74
130,81,107,190,128,197,166,154,92
138,143,156,118,148,172,163,66,38,64,124
183,197,20,86,61
199,45,143,35,97,194,32,146
16,122,187,110,29,172,197,168,140,32,45,154,36,0
104,47,175,44,94,12,134,63
178,108,57,12,187,119
119,69,140,46,8,81,151,134,154,68,104
102,73,56,123,155,178,179,172
122,12,14,15,139,186,58,192,44,171
53,164,28,144,145,155
43,155,118,12,42
164,35,123,198,10
32,187,99,94,26,194,195,108
143,8,134,33,155,22,175,154,26
199,14,21,192,31,131,22,56,171,196,178,89,66,15,155
156,22,7,83,8
190,116,33,1,144
46,178,167,176,162
135,183,81,134,116,108,118,129,172,20,80
194,115,16,187,68,129,144,110,33,51,59,132,88,8
80,95,104,197,34,144,82,122,159,163
52,190,38,58,18
199,40,140,197,119,14,48,93,11,193
122,102,51,77,78
199,96,26,140,114,70,132,25,77
153,102,98,137,59
144,153,36,42,30
199,126,88,59,8,17,163,137,161,34,101,13,81
196,130,111,103,88,45,33,90,194,102
76,194,130,92,192
130,0,173,154,192
100,67,171,138,69,160,108
84,184,26,167,7,134
51,62,52,66,100,183,184,132
74,36,58,153,41,99
199,83,6,25,158,126,135,55,51,172,182
199,109,124,115,3,168,117,159
17,51,82,155,192,35,159
13,94,157,10,47,55
88,75,100,74,135
36,71,58,129,50,137,136,53,8
73,48,80,12,108,98,101,56,183,27,179,186,128
168,155,69,62,122,58,181,61,163,113,34,15,147
20,71,162,29,191
36,98,74,58,159,111,145,182,101,104
38,111,29,11,63
111,159,189,146,181,29,171
74,63,76,48,8,73
81,76,58,175,140,77,133
181,75,175,178,21,94,16,44,135,51
117,180,192,40,8
12,80,95,159,135,99,62,158,56,186,134,79,172,188
199,154,52,134,148
174,95,123,7,83,111,45,61,13,46,87,39,139,82
172,191,183,159,82,56,104,158,92,12,87,10,122
126,27,12,38,72,187,41,157,186,167,183,158,105,136
156,29,90,15,18
199,105,143,8,61,184,53,138,52,128,175,2,82
167,68,118,136,192
172,86,34,77,81,171,102,98
124,98,185,32,31,148,143,53,18,114
33,170,185,133,145,194,79,80
55,191,25,62,172,143,83,100,184
101,8,135,25,182
157,143,182,26,74,24,52,101,68,140,12,29
143,192,55,137,107,40,86,76
183,136,142,156,179
100,34,2,99,197
143,55,156,144,63
199,178,22,168,145,146,45,152
81,109,25,165,74,68,89,19
61,191,167,48,171
199,124,80,143,116,162,90,137
192,61,73,183,186,74,181,126,83
144,129,7,193,132,69
167,154,148,0,71
184,49,113,55,197,199,74,171
36,187,134,58,28,103,48,59,119,146,13,74,45,118
178,90,111,68,58,52,155,50,38,69,170,51,19,49
84,124,153,186,33
118,171,111,80,92,124,145,15
143,6,175,88,138,184,123,102
143,34,53,154,186,156,111
192,172,40,41,16,85,186,27
144,131,108,17,193,187,53,61,165
128,197,182,178,104,195,143,156,34
0,130,111,119,16,171,122,39,198,43,118,105,35
197,157,113,129,88
199,27,75,182,186,126
140,186,65,59,77
67,62,181,55,137,101,143
199,102,183,57,107,68,116,92
101,85,191,140,134,153,118,155,114
92,26,66,70,120
199,154,197,37,16,182,105,95,132,99,56
199,74,39,90,181,64,16,111,73,99
199,106,155,138,32,99,184,133,42,123,0,64
129,76,198,26,57,171,62,197
12,126,29,13,124,56,157,118,137,102,8,131,40
129,16,80,12,100,187,174,95,134,198,52,92
196,98,17,153,140,18,10,53,191,171,105,22
157,169,118,142,92,193,155
158,110,122,7,173,37,49,32,52,10,194,17,186,183,19
48,153,107,8,187,157,185
143,45,79,169,49,80
88,149,80,167,159,171,158,68,38,51,31,17,111,120,126
194,147,128,180,181,52,192,51,68,75
12,105,146,124,18
199,123,21,193,7,147,179,98,145,122,154,183,40
195,192,107,136,78
157,50,186,15,182
95,135,52,102,130,101,26
135,147,98,140,43,186,192,12,16,39,171
10,46,108,50,69
11,70,128,15,118
119,144,184,100,52,84,158,94,192,118,110,122,186
89,167,186,110,15,81
105,94,170,136,68,80,142
67,80,124,105,83,61,183,81,16,38,131
135,133,181,58,43,26
81,64,134,118,155,62
110,151,192,145,36,134,0,105,165
123,37,86,110,56,118,105,87,98,49
199,21,110,80,133
199,98,104,146,131
145,80,68,159,105,172,94,186,57,155,56,38
199,69,89,143,180,27,172,145,88,118,111,11,147
199,150,137,136,126,128,50,18,17,102,179
34,78,137,140,111,14,25,55,95
156,0,92,93,14,102,193,106
192,111,24,163,40,182,31,183,10
25,67,135,136,108
124,18,17,185,70
26,49,144,113,155,62,187,192,143
48,186,140,187,105,92
61,58,151,196,136,199,181,108,30
61,29,153,40,37,51,124,32
42,75,172,118,186,101,192,56,58,49,38,168,60,29,156
81,68,175,186,195,184
183,26,144,83,156,95
172,16,86,48,175
188,0,94,21,100
199,64,102,34,188,111,147,57,16,181
199,100,68,129,18,78,144,41,25,160,142
158,190,76,138,155,199,52,161,186,127,170,27,3,181
181,154,0,56,153,163,68,51,12,71,31
30,62,53,193,76,172,42
181,59,61,168,158,71,95,55,129,47,137,98,118,171,179
118,99,173,25,172,111,188,55,159
123,138,175,197,98,73,108,59,82,48,13,168
199,182,56,8,12,25,31,41,143,48,15,42,26
102,185,187,53,37,135,45,26,154,51,76,158,183,69
122,38,111,132,62
119,193,44,66,57,89,117,96,132,112,109,24,192,144
40,98,73,0,158,45,139,62,174,64,61,76,36,42
187,136,53,94,126,102,156,101,134,172,10,98,13
194,21,185,156,162,145,29,67,190,28,131,168
46,144,37,111,170
124,167,123,57,179,110,8,189,147
55,190,99,133,79
8,39,144,21,0,163,7,90
35,2,185,46,147
32,28,41,69,88,40,81,137,86,12,46,138
199,133,28,184,88
50,107,69,25,67,122,180,52,72
181,173,46,118,182
125,186,136,64,34
110,81,143,140,34,48,135,76,52
153,192,90,58,53,67,13,66,164,8,169,175
199,48,158,94,81,152,42,38,163,77,179,4,33
10,138,55,29,173,88,146,61
49,33,21,70,82
33,16,198,157,45
132,107,134,24,148,6,68,163,26,67,17,90,141
174,29,48,170,42,89,178,75,98,25
42,82,86,59,63
71,60,175,33,181,59,129,49
183,190,136,172,94,73,198,18,13,124,90,27
95,83,140,89,131,111,12
12,183,137,7,147
191,69,71,35,158,53
19,68,98,153,41,171,196,33,34,12
144,183,150,126,106,181,133,36,17,38,82
67,122,178,69,123,26,126
112,197,92,56,3,88,137,98,74,184,5,67
17,48,89,192,182,21,75,145
107,16,160,148,7,150,83,184,134,146,145,126
61,128,159,101,11
199,12,138,181,74,141,95,18,69,38,197,98,23
100,56,58,80,18,36,59,124,51,95
118,105,187,93,133,10,53,13,175,101,94,47
81,52,146,38,102
29,12,188,173,140
43,170,192,46,10,7,13,69
132,175,157,153,107
158,94,62,71,178,56,51,27,40,12,93,187,124
181,175,64,15,162
199,104,98,45,168,30,195,178,53,159
157,111,137,89,7
85,39,13,124,114,153,0,66,187,144,7,42
197,90,49,80,198,73,38,71,50
180,35,90,2,93,186
21,134,72,159,53,167,106
199,4,143,71,85,10,81,138,80,59
180,73,71,145,110
199,147,170,59,128,129,23
199,104,182,125,119,198,19,161,18,52,192,115
199,69,88,182,74
48,71,26,147,22,163,31,95,8,123,145
124,95,138,39,41
68,122,166,90,145,38,100,102,25
80,178,132,155,126,90,191
131,61,107,29,90,26,38,8
68,165,70,3,173
2,123,69,143,142
102,143,8,195,118
25,90,7,111,156,192,22
37,105,153,68,192,84
192,123,98,49,168,74,138,140,68,134,193,15
34,61,71,27,124,101,153,112,32,83,110,160
53,14,83,26,186
199,51,194,61,75,114
142,58,71,108,105,88
160,69,137,46,93,37,76,175,38,183
68,185,167,26,143,59,12,154,101
69,105,77,65,92,51,32,178,0
164,163,181,109,100,183,43
123,144,115,158,184,187,155,145,99,133,24,37,55
145,169,15,16,180,20,62,80,86,132,129,144
186,144,193,145,10,133,111,94,90,66
199,10,160,68,163,24,19,108,99
16,94,135,51,124,178,52
126,181,158,155,9,99,11
0,114,88,158,6,183,41
151,170,122,192,33,194,90,64
158,6,12,7,120
167,73,90,80,27
128,27,116,135,57,41,101,16,15,137,25
64,171,41,187,52
38,158,124,29,42,179,131,21,168
107,182,154,29,8,11,22,130,48,25,145,123,185
69,59,55,8,159
107,171,170,135,59
73,83,190,21,77,194,43,186,3,32
199,178,32,97,185,128,0,170,184,118,146,68,163
34,37,146,171,68
21,58,175,172,9,153,17,115,158,88
135,130,1,176,141
122,155,118,58,50,56,48,26,85,194,36,65
199,132,173,66,157,59,175,107,153,67,38,72,106
80,110,187,182,57,170,15,168,171,49,17
124,166,88,169,180
178,132,187,21,180,76,33
199,51,52,145,110,34,137,26,113,55
62,137,107,134,175,157
168,53,81,17,7,72,95,159
36,68,14,77,43,135,69,62,18,110,131,38
39,116,113,100,15
147,186,67,66,38
27,93,154,138,89,136,48,190,131,107,105,166,69
129,135,68,77,121
24,139,17,8,153
184,142,7,12,134,69,95,143,107,163,123,20,147,196
172,126,161,156,74
196,51,49,102,191
61,29,133,106,126,102,88,14
81,154,80,155,124,2,51
156,107,101,124,24,52,8,56,134,33
124,194,67,188,161,87,71,94,179,192,131,98,190
138,186,39,161,88
118,62,179,190,95,49,158
100,85,170,68,190,14,65,173,182,192,172
52,110,162,193,94
181,171,123,16,157,105,82,48,61,144,142,169
143,29,47,154,99,122,155,2,76,191,19,188,83,124,17
90,183,26,197,17,16,179,21
66,29,172,154,49,118,41
199,182,124,175,167,15,43,197,144,42,172,136
199,182,95,129,49,86,107
108,139,103,75,5
39,112,105,192,59
9,187,161,163,6
199,84,155,186,159
153,59,61,182,66,73,157,86,193,122,159
170,81,32,108,3
132,48,51,157,13,3
20,114,146,107,24
192,199,145,61,51,68
142,59,143,129,112,173,158,127,111,10,136,170
133,143,24,45,122
153,171,19,160,58
184,19,158,72,11,28
16,182,197,14,127,61,57,131,99,49,29,55,0,5
199,122,34,98,145,82,8,182,134,61,148,24,21,67
74,83,113,75,187
56,143,34,14,51,163,75
140,29,113,35,46,181,154,132,90,163,107,93
145,45,144,120,101
90,70,0,135,87
142,135,122,96,157,131,94
191,172,47,76,53,138,83,167,199,192
170,90,190,155,197,26,34,144,56,119,43
124,134,95,175,145,105,100,9,181,111,171
80,193,169,147,157
141,114,100,102,53
156,143,183,191,122,77,181,45,137,163,86
18,194,42,123,100,187,94
138,38,175,193,83,136,82,130,123,8
196,191,182,158,170,74,150,68,138,56,122,55
19,156,92,90,59,74,175,126,56
63,32,134,145,102
42,66,110,58,48
83,24,53,94,88,68,81,170
83,144,73,109,24,171,36,185,119,145,140,193
48,23,32,157,54
197,97,167,10,171,25,193,102
12,196,25,173,81,150,194,152
131,145,126,48,43
80,196,53,99,51,124,72,11,15,94,25,180,168
81,181,48,163,124,170,13,66,183,121,42,59,109
50,8,190,58,109
29,36,56,169,27,100,119,34,43,82,105,8
49,53,128,118,171,141,144,101,102,129,138,199,187,82,152
153,92,128,59,41,185,38,83,95,112,94,194,74
8,148,140,66,171,38,83,102,112,186,74,62
64,191,94,190,25,157,30,17,0
154,88,1,5,198
140,158,24,8,34,190,177,98
104,75,171,73,122
93,66,26,41,178,14,181,65,155,80
57,62,98,17,86,137,154,196,53,35
126,168,155,52,66,37,185,101,100
147,158,43,118,89,37
21,184,124,63,160,58
58,126,8,71,142,0
8,88,51,29,62,16,48
74,0,156,65,77
171,132,64,183,26
68,169,33,138,133
196,101,88,183,156,39,130
157,129,8,118,179,101,61,23,48,56,24,78,163,181
107,142,106,197,28,159,68,10,49,21,75,93,196
157,156,198,170,100,83,58,18,53,118
118,140,186,193,62,29,132,184,82,126,37,8,178,59
16,184,52,102,197,172,120,29,151,160,123
133,135,51,8,154,169,92,36,32,95,18,119,187
168,62,132,137,171
192,50,65,7,180,147,129,120,104,98,62
26,105,96,51,111,126,64,187,137
138,51,75,99,126,129,120,87
35,142,135,47,163
61,111,13,137,47,159,173,181,90,109,78,71
13,192,85,78,46
124,8,15,181,82,92,150,175,86,31,16,11
12,172,40,163,57
144,196,88,128,85,17,160,175,130,197,140
82,56,109,186,31,53
86,122,142,41,4
82,68,157,183,181,117,105,129,67,24,77,128,159,163,48
24,184,12,196,38,85,27,41,77,39,110,81
71,190,144,196,187,142,179,56,108,110
98,119,69,39,14
194,99,12,123,163,94,73,122,76,68,90,186
80,12,132,59,39,73
45,103,67,110,168,43,36
49,66,68,182,55,62,151,50,133,7,37
15,73,144,60,131,148,165,138,67
36,16,21,171,158,170,151,167,71,129,126,34,75,175
186,123,95,181,100,0,108,13,174,25,182,71,154
66,51,8,199,95
39,58,163,34,187
144,38,61,9,83,87,42,46,75,68
61,154,135,14,180,116,82
58,167,159,0,154,68,135,88,46,122,157
191,38,198,96,126,180,150,135,63,110
17,160,106,144,98,80,163,18,198,22,103,126,11
144,28,199,192,89,167,133
118,129,73,134,12
158,27,98,87,142
195,153,94,67,187,88,0,116,177,53
27,33,2,89,154,191,77,24,138,56
181,199,42,21,113,154,48,158,126,147,18,50,111,53,86
48,187,76,191,3
135,67,153,108,192
184,143,95,46,170,49,167
64,101,143,169,159,196,57,47,119,38,121,199,103
73,102,195,193,135,158,170,39,145,188
171,27,102,80,107
58,36,191,46,115
143,29,37,65,74,55,170,191,77,93,187
34,171,90,129,99,156,94,36,7
184,41,146,71,55,47,120,171
64,100,198,190,2,189,127,175,164,91,197,92,199
133,131,103,190,42,66,102,123,159,83,147,31
61,146,27,178,172,36,76,154,6,95,43,110
169,38,153,142,17,16
74,172,196,184,194,110,191
92,89,137,85,51
199,28,171,73,155,90,140,3,123,11
42,78,192,12,183,49,98,69,71,145,99,191,45
182,21,114,124,184,142,153,15,47,191,96
64,144,7,129,180
12,61,7,192,184,48,101,63,116,0,81
100,68,33,161,9
159,87,105,85,164
199,182,19,50,71,172
24,109,66,38,71,181,36,155,59
171,56,190,142,117
17,56,115,136,107,148,19,130,159,64,105,14,99,124
158,67,196,173,83
194,137,35,58,142,86,40,184,95,14,28,38
103,130,171,133,66,61,186,74,138,27,129,38
196,2,156,69,16
100,98,184,160,136,41,7,164,120,33,24,157,13
199,34,118,75,108
26,140,66,152,44
196,92,76,197,169,153,88,7
142,111,131,137,132
119,37,94,36,24,56,78,188,44,181,184,123,59,42
157,101,129,154,17,182,172,164,185,66,45
27,7,82,156,101
170,55,99,51,118,172,38,105,42
11,29,61,101,104
128,118,105,197,24,163,86,2,49
114,170,81,101,41
186,68,57,1,93
170,26,187,16,166
69,126,157,39,178,133
140,73,68,153,104
61,68,153,16,15
21,123,68,73,15,159,120,118,95,50,56,108,111,102,112
192,186,158,14,5,42,71,150,137,21,148,198,67,74
66,111,13,115,2
14,3,153,175,164
98,148,29,57,94,13,137,166,50,85,192,164,80,5,95
17,71,175,181,58
53,51,155,105,42,71,137
8,56,171,100,1
129,172,170,194,197,67,76,23,62,10,92,59
140,39,107,156,16,32,118,159,30
135,153,56,118,192,63,32
154,33,85,145,191
105,170,55,77,50
194,52,178,163,11,7,191,57,123,58,74,130,171,12
187,18,191,132,14,155,55,178,46,68,124
184,12,158,166,81,37,49,186,89
61,134,49,73,122,182,70,196,105,10,175,170
41,101,155,169,114,184,181,90,182,14,35,144,131,175
106,194,93,18,20,141,167,118,187,45,99,34,7,11
137,157,183,25,100,131
98,74,37,22,105,107,111,3,124
144,186,58,149,48,96,142,43,138,68,114,156,136,143
102,15,17,137,18
182,129,148,36,41
88,13,56,145,46,17,196,191,159,146,68,90,163,36
103,194,27,145,66
167,26,130,51,90,56,170,83,58,186,169,132
66,56,21,188,124,42,50,16,170,198,75,30
131,114,61,132,52,157,124,56,154
199,32,94,29,156,137,158,80,115,136,73,173,104,66,182
179,53,165,3,178
120,30,179,149,128
75,157,57,170,107
170,147,135,126,198
96,101,62,137,169,53
31,155,183,55,80,68,87,26,12,146
61,32,180,146,66,76,6
85,175,7,186,92
45,159,17,122,0,135,43,197
7,135,69,46,159
77,45,134,90,159,43,39,155
129,39,48,51,147
56,24,191,168,102
59,186,102,122,17,94,128,105,55,9,24
52,155,86,185,23
199,82,11,76,30
99,166,33,110,159
67,61,131,33,108,101,74,126,118,13,31,154,165,16,63
29,42,116,7,50,182,132,99,90,66,120,124
13,83,137,154,9,41,185,138,55,145,111,27
71,73,50,192,103,154,86
102,143,156,153,172,68
12,64,126,45,62
100,123,187,116,0
19,111,77,44,112
199,183,49,131,192,100,26,134,15,68,88,114,56
82,68,121,109,61,157,64,187,151,12,98,146
158,134,33,24,59,183,172,67,80,153,122,42,145,68
167,102,7,182,130,172,199,0,59,195
154,15,21,66,145
158,88,192,169,103,48,140,165,83,41,35,143,181,50
146,51,196,132,167,194,2,81,156
178,164,175,133,157
73,108,66,145,163,50
126,163,164,107,167,24,0
70,24,85,33,146,172
48,102,149,134,78,99,66,191,26,45,35
98,144,129,19,149
24,129,8,178,68,187,58,182,45,41,160,12,181
16,100,143,167,66,155,27,41,168,7,138,126
199,143,66,17,192,155,20,175,51,34,8,50,67,52
183,196,68,130,74,167,55,98,182,8,195,110,106,181
199,43,73,108,23
41,120,59,170,112,61
70,62,174,80,132,97,178,69,71,184
138,53,66,170,186
199,191,32,156,68,75,171,143,192,140,184,142,145,29
52,33,187,186,17,157,95,89,171,55,134
51,95,126,167,29,137,172,118,35,178,36,20,105
49,126,155,199,170,66,197,50,42,138,82
186,161,10,51,178,124,194,18,181,138,168,123,24
122,108,102,45,165
29,36,183,160,146,147,56,171,153,130,27,191,38
50,161,37,78,156
194,101,76,178,5
69,102,110,52,30
199,140,144,12,55,116,138,100,102,197,74,76,31
111,144,107,154,163,155,8,90,37,1,162,72,168
