135,183,140,114,182
85,102,34,104,10
126,137,197,38,148,13
49,81,38,62,23
59,85,102,36,83,46,81
33,17,180,10,81,45,192,101
59,165,90,180,137,124,78,197,10,195,170,38
155,186,46,170,107,129
137,124,81,166,86
12,11,34,151,194
33,12,126,124,125,84,148,45
49,189,165,36,83,135,141,81,140,99,179,13,65,107
33,12,155,124,197,135,16
59,189,34,38,166
183,56,131,22,35,177
90,83,84,16,141
11,53,186,197,82
33,71,11,69,169,102,165,180,124,135,56,45
59,17,34,124,84
33,126,165,90,78,10,153,192,19
159,124,83,197,46
85,159,169,165,78,104,84,94,183,79,81,38
49,59,69,90,124,125,197,135,10,195,16
33,102,78,10,16,190,45,178,13
78,16,112,13,145
17,124,197,179,13,168
25,169,90,124,197,135,46,195,38
59,12,25,11,34,124
25,17,165,153,79,38,140
59,85,180,94,141,149
33,159,102,165,34,84,94,76
11,104,166,120,44
33,59,102,189,165,124,104,4,195,16,141,183,190,56
49,59,17,85,69,189,137,83,186,197,153,140
33,71,102,180,104,141,153,170,38
71,141,170,190,62
12,126,69,165,180
33,12,71,124,141,190
85,11,169,102,189,78,186,4,153
17,137,125,197,81,190,56,45,192,131,129,172
59,159,94,76,148,192,13,154,146
59,189,34,137,83,46,153,81,190,112,63,65
125,63,65,41,14
17,189,78,16,148,101,13,149,86,129
178,95,50,130,143
17,126,159,169,102,34,78,36,125,83,4,197
53,135,170,56,13,86,50
155,4,10,141,65
16,56,114,191,24
49,59,25,17,197,10,141,170,146
112,45,179,192,86
12,189,165,104,125,190
49,155,180,104,76,179,13
153,140,45,154,156
169,34,83,135,38,82,76,45,107
71,102,189,104,186,135,10,141
25,126,189,34,186,195,153,190,112,56,107,131
71,69,102,78,36,186,94,112,63
124,197,82,178,19
33,180,124,84,153,170,81,190,45,178
49,59,17,71,169,155,34,53,46,94,179,131
59,126,169,137,53,84,16,170,81,76,140,56,45,179
168,110,97,88,173
69,165,186,148,140
12,102,180,137,53,36,195,79,38,190,140,45,154
159,169,102,165,83,82,76,63
33,25,69,155,165,34,137,84,81,82,140,63,99
25,126,189,90,83,4,197
69,155,137,36,186,46,94,153,170
159,189,165,125,83,4,84,135,153,170,76,148
33,85,71,11,137,124,83,38,190,112,62,95
71,102,34,137,53,84,56,63,99,131,62,117
33,59,12,126,69,165,90,94,170
159,78,53,197,10,16
189,137,16,140,27,168,114
169,189,34,83,4,46,94,81,76,140,99,179,65
11,159,155,165,78,83
33,189,141,183,63,107,86
69,165,4,197,153,79,148,63
69,102,186,46,10,79,38,178
12,159,169,78,4,84,195,82,76,27,129
25,17,11,102,189,165,124,36,197,135,141,79,190
12,11,69,165,34,53,36,186,4,84,153,76,140,99
33,25,69,165,124,78,197,84,46,153,79
49,25,17,71,135
11,169,90,180,34,94,183,153,170,38,76
11,61,8,75,20
25,189,137,10,141,183,153,112,140,56,45,99
81,101,149,51,7
33,59,71,69,53,125,186,10
12,71,11,159,137
25,85,71,169,165,104,46,183,81,190,148,65,107
17,169,90,34,78,195,16,153,38,190,112,27
53,4,27,101,149
169,137,78,104,36,125,4,170,190,56,99,62
85,165,36,125,186
94,183,170,63,131,139
170,99,27,62,172
49,11,159,78,125,10,195,183,153,76,148
85,71,189,86,48
25,69,169,135,16,81,56,27,13,114
84,16,107,166,168
59,85,189,165,83,79,112,148,140,179
12,90,34,190,24
85,11,124,78,125,135,10,16,82,27,154,166,168
59,69,169,84,16,38,63
112,13,65,116,52
16,79,170,160,154
159,102,135,10,65,139,106
59,17,155,165,90,34,137,53,94,183,153,79,148
49,85,189,124,84,46,10,94,79
25,71,69,159,165,180,124,78,53,197,153,79
180,34,112,56,179
16,148,99,192,178
34,125,10,170,129
126,69,102,124,197,135,94,183,81,148,45,27,65
49,25,11,165,34,78,186,195,94,82,190,99
12,126,71,102,180,137,104,4,135,10,82,63,27
12,11,159,102,53,104
69,180,197,79,148
33,25,17,126,69,159,169,78,141,99,192,27,168
25,169,155,90,46,153,56,101
12,85,11,165,53,104,83,4,197,10,94,183,190
49,159,189,90,197,81,82,192,107,131,139,86,168,117
49,17,69,159,183,81,76,56,13,146,86,106
25,126,169,90,197,195,76
12,85,69,159,137,124,46
49,12,69,189,90,36,83,186,197,84,46
59,17,189,137,183,56
33,59,126,169,90,36,125,94,81,76,45,179,27
107,48,123,89,57
69,135,190,154,95,194
124,186,10,65,129
183,76,192,168,41
49,11,69,159,78,83,186,197
189,165,83,170,99
33,49,17,85,69,169,90,125,79,148,99,179,192
49,155,78,186,4,170,38,112,45,192,149
12,17,90,36,135,141,76,148,179,27,101
12,164,162,92,57
169,137,124,36,125,83,197,195,141,79,190,76,112,178
59,85,16,183,153,13
59,12,17,71,102,189,180,137,78,4,94
165,137,94,79,81,65,107,51
25,36,46,10,195,183,170
25,126,102,34,124,53,135,16,148,56,45,160,166
12,69,83,84,16,183,112,56,63,192,13
12,71,153,81,160,146,86
12,126,71,78,195,141,112,107
49,59,71,102,180,45,192,65,154,86,62,114
197,170,143,133,88
53,83,135,46,153,148,192
49,12,126,11,124,104,36,10,16,153,170,81,38
33,71,189,53,125,84,46,79,27,101
59,12,11,159,90,124,78,83,195
59,17,159,102,90,53,186,195,38,112,178,160
12,189,53,135,38
69,165,90,34,186,94,79
13,114,110,92,75
189,104,141,190,160,131
25,34,4,197,46,16,94,153,170,81,190,112,63
195,82,37,161,193
159,124,78,141,82,76,112,56,63
49,38,110,161,97
17,101,130,122,111
25,17,71,169,165,90,197,135,76
59,25,11,69,78,104,36,125,83,4,195,141,183,153
189,78,38,14,191
159,90,180,124,46,81,112,148
12,25,11,189,137,124,78,104,125,197,10,38,82,190
33,25,71,69,102,34,53,83,84
33,85,155,102,84,46,82,192,13,65,145,62
59,25,85,69,90,180,186,195,94,141,76,112,148
49,165,180,125,94
155,137,83,94,153,82,190
49,104,170,41,55
137,124,53,186,135,79,81,38,140,56,63,45
17,102,165,180,197,16,148,63,107
69,169,4,135,10,141,183,82,112
33,17,159,102,90
146,50,68,116,123
17,11,165,90,36,83,170,82
85,90,53,104,84,10,81,154
155,78,135,153,27,65
90,180,16,178,149
17,165,180,135,16,166
78,197,46,10,141,140
49,104,197,46,94,183,170,81,190,112,192,101,149
59,12,25,85,126,11,165,90,104,186,141,81,38
169,102,165,180,4,84,76,99,179,13,145,146,139,23
49,12,180,4,197,46,183,140,45,145,51
59,12,85,169,155,189,165,104,135,79,170,76,140
12,25,180,137,124,125,83,4,10,195,183
12,165,4,45,44
33,126,71,165,104,125,4,197,84,135,10
90,180,46,183,160,62,95,129
125,81,101,107,146
102,165,124,83,135,195,94,153,140,56
33,12,159,125,195
17,102,90,180,137
11,169,78,53,104,94,183,153,76,112,99,65,166
126,155,36,186,16,148
137,125,186,16,153,63,99,192,178,65,160
49,34,36,186,84
25,85,170,86,62
49,25,17,11,155,90,180,137,197,79
137,153,82,112,148
33,12,25,17,11,155,165,104,36,10,195
49,59,12,126,11,78,94,141,183,112,148,56,63,27
33,99,160,23,191
59,25,102,124,104,186,84,135,195
59,170,56,51,41
33,25,71,189,53,94,170,38,82,140,154,145,139,86
71,159,90,104,84,190
25,155,180,34,83,94
78,4,135,141,183
71,84,135,46,26,22
104,79,170,82,140,99
49,25,17,102,137
71,69,159,180,104,197,84,46,195,141,153
49,25,102,90,124,78,186,197,195,79,170,179
69,102,165,124,4,84,135,16,112
83,183,107,32,121
104,125,10,51,114
33,85,137,124,53,46,153,38,82,190,148,140,160,145
69,137,16,140,178
33,165,83,10,94,141
25,169,36,125,84,46,94,141,79,63,65,149,146,139
155,180,34,16,183,148,149,154,166,114
33,34,125,99,178,13
189,124,104,135,10
12,17,85,11,84,38,148
59,12,126,81,82,131,7
59,25,85,69,36,83,135,170,190,76,140,178,107,149
165,183,13,139,86,172
49,90,125,186,135
71,90,34,53,104,125
25,53,62,119,68
11,195,131,139,191
25,126,155,124,53,36,4,135,46,183,38,190
25,10,170,148,45,99,65,95,26
13,9,57,196,91
33,25,17,85,11,155,34,78,104,186,141,56,63,178,27
49,25,11,169,102,90,34,78,195,141,183
114,22,108,31,132
59,17,85,124,125,4,76,178,13,154
49,59,12,85,69,169,155,102,36,125,4,46,94
12,36,125,83,186,94,82,190,76,140,65
59,12,17,159,180,83
59,17,165,78,141,76,140,178,154
33,25,69,165,180,84,195,16,79,82,192,145
90,36,50,120,105
59,25,17,11,180,137,104,36,186,4,46,195,153,170
59,126,189,90,34,53,36,125,4,84,170,76
165,90,34,53,99
12,17,85,71,165,90,180,186,94,38,148,63
17,11,197,153,82
78,53,125,186,135,46,153,114
33,25,83,4,197,195,81,63,99,101,160
59,159,125,10,195,140,56,63,179,65
25,126,159,137,78,190,56,178,149,166
17,137,104,84,135,46,195,170,192,101
59,25,17,36,125,10,141,81,38,140,107
169,153,190,45,99
33,49,169,165,180,104,135,46,141,170,76,140
25,11,169,53,104
25,169,165,34,78,36,83,84,153,81,190,76,65,154
36,84,16,94,81,76,112,13,149
16,183,79,170,166,146
33,17,11,169,90,180,124,78,53,104,186,135,16
33,49,25,126,104,36,170,13
49,155,183,154,51
17,190,149,182,110
126,169,90,34,137,124,104,186,94,190,76
85,186,140,101,139
126,124,83,38,82
137,83,195,81,190,192
71,137,94,79,190
33,71,186,197,38,63,192,62,119,26
49,25,85,69,159,169,155,180,53,104,83,195,16,183
33,12,169,180,34,124,104,125,46,195
33,85,102,165,53,4,84,16,38,99
126,71,197,178,101,149,145,168
49,25,169,78,53,125,83
25,11,125,4,45
126,34,186,4,197,195,16,141,170,140,56,45
49,25,71,11,186,141,107,62
137,46,114,50,130
85,102,189,78,195,79
195,79,27,101,160,168
71,159,165,84,170,81,56,179
169,102,195,141,145
49,126,159,53,4,94,140,13,145
51,114,54,116,123
126,159,102,36,125,84,195,141,183,153,76,99,27
180,160,97,40,142
165,104,36,56,101,154,51
36,83,79,51,93
102,148,188,191,105
137,36,197,141,160
12,85,155,137,36,83,141,79,38,190,45,99
59,25,169,102,189,137,197,153,79,27,65,107
197,183,148,160,23
83,135,183,131,19
155,4,178,139,106
33,159,165,137,125,186,84,10
12,126,71,4,94,183,79,148,179,178,65,160,145
33,25,34,104,79,82,112,148,65,154,86
11,69,186,135,10,141,153,81
159,34,83,186,107
11,169,180,53,179
49,69,78,197,106
33,12,25,36,83,135,195,94,170,38,190,148,63
186,114,23,177,108
59,126,11,78,104,125,186,197,46,10
114,129,9,187,2
69,189,10,76,112,56,63,27,146
25,102,180,34,124,78,192,13,131
12,17,126,11,155,189,34,135,148,45,101,154,166,145
12,104,125,84,195,141,38,149,139,168
38,76,65,95,93
126,137,78,186,84,16,183,79,190,56,63,27,65,107
126,71,165,124,78,36,4,84,135,16,141,79,81
126,71,53,104,46,183,129
59,17,85,189,90,104,84,183,112
59,25,34,137,83,4,84,190,107
33,59,17,125,186,183,38
189,4,10,82,148,65,107,149,106
10,99,13,154,168
49,17,126,34,53,183,112,192
59,165,34,53,79,190,45,13,149,139,168,117
159,155,4,46,141
155,94,170,76,112,99,192,158
85,165,180,186,84,46,141
12,159,155,189,26
85,83,16,141,82,112,148,45,160,145,146
12,104,83,195,16,81,190
49,126,71,159,155,189,180,84,135,16,141,140
49,12,85,159,90,180,125,84,82,76
25,71,155,53,46
180,84,46,63,179
25,85,69,159,155
33,126,102,180,83,186,197,135,16,141,148,56
59,12,25,85,155,102,180,34,78,36,125,197,84,135
33,17,126,34,137,10,45,160
137,36,10,81,82,76,99,178,27,107
11,36,131,43,193
11,180,141,170,190
33,11,189,165,4,195,16,183,81,179,13
33,71,155,180,124,104,83,197,10
90,180,34,112,56,178,145,106,23,177
25,17,11,159,90,34,4,84,46,94,183,170,76
25,135,153,56,149
90,195,107,149,131
33,25,17,69,186,4,10,16,179,178
33,49,71,159,90,34,53,36,125,16,79
102,4,65,146,22
59,155,165,186,197,16,79,38,190,76
17,11,159,90,180,137,36,84,183,82,112,179,65
141,96,171,185,109
34,170,99,65,117
71,56,192,160,130
69,169,125,141,178,65
11,104,46,94,76,148,179,101,13
49,17,71,180,83,10,63,139
59,25,124,53,36,84,16,94,81,45,27,154
25,126,90,34,186,16,94,183,76,56,45,179,27,65
85,126,84,22,54
71,69,102,189,137,124,53,104,36,84,46,16,141,81
25,71,169,102,165,38,76,140,179,192,139,51
12,189,78,4,141,170,82
153,170,108,15,138
25,17,85,102,36,4,197,183,38
155,79,82,63,192
34,78,83,46,183,112,27,166,145
69,169,90,36,4,84,94,153,170,81,82,56,178
71,159,189,46,145,139,51
25,17,126,159,102,189,94,79,170,81,112
49,126,165,90,137,78,4,197,46,195,153,170,38
49,126,11,159,155,34,137,124,197,94,141,148
183,146,62,51,188
140,146,129,158,41
67,66,162,123,30
126,71,78,197,135,153,148,45
85,53,186,183,81
169,183,114,161,163
12,69,159,169,180,78,36,4,46,10,195,79,81,192
86,120,55,32,187
12,25,102,180,34,124,53,125,46,10,183,112,56,45
12,85,11,169,155,189,124,53,186,135
33,12,11,78,197,141,79,38,112
189,53,183,170,45
76,194,130,55,15
69,180,137,197,81,178
49,59,25,11,78,125,197,76,45,154
12,36,4,56,131
33,12,71,11,102,180,78,104,83,4,135,195,94,79
189,180,53,104,4,195,141
12,25,85,159,102,90,79,140,101
126,11,165,34,124,53,195,79,190,148,56,63
180,34,197,141,148
71,189,165,4,81,190,45,99,160
165,101,35,3,147
12,85,126,71,11,169,155,102,189,34,124,125,84,46
189,104,197,141,82,56,63,99,160
53,27,168,106,23
33,155,94,13,95
33,104,10,112,107,149,62
90,141,170,101,139
25,102,83,4,46,79,76
25,69,63,99,160
49,85,102,197,183,79,81,82,45,179,192
11,180,34,53,36,195,82,63,27
180,137,104,83,170
85,90,195,148,116
34,4,178,146,54
25,159,169,34,125,76,56,45,149,62
189,165,180,137,53,104,195,82,190,140,179
85,137,124,78,135,112,179,149,131
25,17,159,155,90,84,112,140,56,45,178,27,13
33,12,71,169,180,124,78,4,46,153,79,170,190
71,137,125,183,153,65,168,117,95
49,25,17,102,34,53,104,36,186,84,135,153,190,148
33,71,11,155,78,186,197,46,10,16
12,25,78,10,82,148,63,154,146
49,126,11,165,180,78,186,10,195,179,192,101
49,11,155,180,10,195,183,179,101,65,160
59,17,69,159,4,195,94,141,38,13,62,95,129
85,71,78,10,76
126,36,140,13,23
59,137,16,153,99,65,151,23,158
126,165,4,76,140,45,179,27,101,149,168,51,106
83,65,154,166,131
59,69,104,38,146
59,137,148,99,160
126,71,189,165,90,135,46,170,99
12,17,169,137,186,197,170,81,148,192,101
169,90,186,135,170,38,82,148,178
78,53,186,45,65
12,25,85,4,79,170
148,99,166,129,158
25,85,155,34,78,36,197,135,38,99,178
126,4,141,140,114,19
59,189,104,10,76,56,154,131
12,85,11,169,189,90,53,104,186,197,195
69,155,186,197,153,82,190,140
126,78,46,38,65
126,71,11,186,84,46
49,17,189,90,180,137,36,186,4,10,195,94,153,38
17,85,155,180,36,46,10,170,99,179,65,149
49,59,90,125,179,178,149,145,114
104,107,166,62,188
49,159,189,165,137,36,94,82,140,56,63
85,165,186,197,183,56,179,27
25,169,166,139,188
160,154,163,57,196
186,10,27,107,166
49,126,71,11,159,180,53,135,94,141,183,81
25,126,16,22,93
101,154,77,54,66
71,90,124,46,166,168
25,17,71,102,165,90,180,81,190,63,178
33,71,4,94,153,170,81,192,178
69,189,165,180,137,124,125,197,46,141,79,170,81,148
124,117,23,35,68
155,53,141,131,129
33,90,94,38,154
165,125,4,141,170
71,189,78,4,76,63,99
71,159,90,180,36,141,65,160,145
17,85,71,159,189,165,90,180,124,197,135,10
59,90,36,186,197,135,46,10,16,94,153,79,81
33,38,112,178,62
59,12,126,125,83,197,84,46,183,170,76
126,69,159,155,34,78,84,46,16,141,183,79,170,65
33,25,102,34,53,104,83,4,84,135,16,79,38,76
25,85,189,78,53,4,183,153,38,112,140,63
78,104,83,170,76
186,56,131,146,188
155,180,53,170,81
69,186,81,194,188
155,4,153,140,154
180,36,4,197,84,10,153,82,112,148,140,45,101
126,186,183,112,148
59,180,137,124,78,125,83,4,197,84,46,170,81,38
33,25,126,189,53,186,16,153,38,82,76
126,11,169,155,102,90,78,104,135,183,170,38,82,112
17,189,90,180,137,186,170,76,140,99,178,101
25,17,85,126,71,189,165,34,83,4,10
17,102,36,76,56
165,78,94,149,166
11,4,16,38,65
85,153,45,114,187
102,197,130,48,28
69,165,137,135,148,101
33,189,165,34,53,195,190,45,145,139,62,106
102,90,180,124,84,76,101,151
71,155,79,170,99,179,27,107,149,154
126,159,36,197,84,46,195,153,76
71,27,107,145,139,129
49,85,71,155,16,56,107
69,56,107,168,106
33,59,90,10,195,79,63,99,86
85,186,135,195,94,183
159,90,53,125,186,195,153,81,38,76,112,192
71,125,79,101,146
49,59,124,36,125,186,84
124,53,197,79,99
49,25,102,124,78
126,53,125,197,46,153
53,83,178,29,66
126,71,165,125,83,186
69,137,197,84,10,94,148,178
49,59,165,124,36,4,94,79
33,11,69,169,137,83,84,195,99,178,65,107,131,117
12,85,102,189,36,125,197,46,195,153,190,76,45,179
85,159,169,102,84,195
11,69,84,46,10,112,192,168
126,90,195,94,82,192,13,107,146,86,168
33,17,16,139,129,158,172,26,41
155,102,53,186,141,79,140,99,65
76,129,188,108,47
69,169,155,124,125,141,183,76,154,131,51,95,119
71,69,169,10,170,145,86
71,11,180,4,79
12,45,101,13,149,131
94,82,151,19,97
85,71,102,189,125,4,46,170,63
33,159,180,137,0
137,36,135,153,76
159,155,153,13,149,139
159,155,82,23,19
126,71,53,83,4,81,76,112,179,107
49,85,11,159,155,78,79
0,55,164,162,75
71,197,79,170,76
33,49,69,155,34
33,126,169,155,78,135,16,178,13,154,145
33,34,137,38,65,154
169,165,4,135,183
148,145,35,77,3
155,189,165,90,34,124,78,104,125,141,79,27,160
85,90,141,56,179,145
125,81,194,143,152
49,11,69,102,189,90,180,104,83
49,71,69,165,34,125,83,135,10,141,81,76,148,65
34,46,51,41,9
33,12,17,126,169,4,197,94,76,56,179,13,160,149
49,85,78,94,192,65,131
49,59,126,11,69,34,137,197,84,135,10,153,79,140
49,159,169,165,34,124,186,84,94,79,170,82,190
158,47,156,122,87
49,69,102,189,178,13
33,17,85,126,155,102,10,141,153,82,140,99,192,149
71,69,159,90,78,125,186,46,195,16,94,190,140,99
11,180,148,51,111
53,4,84,46,160,19,93,41,177
155,46,16,141,79,56,99
25,17,155,102,34,135,79,192,178,101
85,126,83,135,46,131
36,83,197,46,153,148,140,65,107,166,139
34,186,10,81,112,192,151
59,189,180,125,4,135,16,141
85,169,4,153,76
12,85,69,169,90,180,34,195,94,153,170,38,76
59,85,102,137,124,170,81,148
17,85,159,169,197,81,112,140
71,84,94,153,170
33,165,180,34,124,104,83,195,94,170,82,76,148,140
33,25,85,169,90,197,195,153,79,13,65
59,12,85,53,83,135,141,190,63
49,59,17,169,102,90,180,36,83,10,195,112,148,179
33,102,165,124,78,4,94,153,79,170,38,148
25,85,84,135,154,114,129
71,189,90,53,197,84,135,141,190,56,45,149
36,84,170,112,99,139,168,51
124,107,15,162,98
25,155,189,104,36,141
33,59,155,165,180,34,53,197,16,79,38,148,192,86
85,11,69,165,90,104,195,94,141,170,82,190,13
169,155,189,180,27
155,102,189,165,90,104,10,16,94,82,56,179
49,11,10,99,145
126,169,165,180,137,124,78,104,36,84,195,170,148,45
25,67,181,52,175
25,126,180,125,46,10,195,141,183,148,45,192,101
126,34,124,53,104,36,186,4,141
25,17,71,165,83,135,82,178
153,76,63,178,107
126,69,169,104,179,107
33,159,124,36,125,135,38
33,49,126,159,155,102,34,4,135,195,16,178,27,154,145
17,155,84,141,153,81,99
33,25,159,81,166
189,124,125,46,148
12,25,159,102,165,180,34,137,78,83,186
126,93,152,193,2
155,90,137,83,186,170,38,190,76
33,25,169,165,153,81,148,140,63
169,135,99,143,0
160,177,110,61,47
104,148,120,37,162
12,165,180,186,141,38,56,63,149,166
165,53,104,4,84,135,140,63,149
33,12,17,85,71,34,104,83,197,195,153,79,140
126,71,11,69,155,90,34,53
12,126,11,189,165,34,137,53,84,153
17,169,10,94,76
25,169,78,183,82
33,11,36,178,145
25,126,169,102,90,137,53,4
126,102,165,104,4,10,195,16,190,112,63,45,160,107,149
180,137,63,172,191
112,166,89,113,199
90,53,83,46,192,160,154,166,51,117
49,59,85,126,71,159,169,78,4,197,84,141,81
17,79,45,178,106
195,16,38,177,130
33,49,71,159,169,155,124,78,53,84,141
189,135,141,76,56,27
102,195,76,45,99,179,166,131,62,95,119
49,69,159,102,78,36,4,197,135,94
186,27,65,149,146
102,90,135,112,45,160,149
25,180,53,94,183,170,38,82,76,99,179,27
59,126,11,90,124,78,53,195,183,112,140,63,178,160
59,126,71,69,155,102,180,137,53,4,84
49,59,159,83,197
90,180,124,117,95,129
17,71,155,186,79,81,148,140
189,34,124,4,170
49,12,155,53,186,183,79,81,82,63,179,107,149,131
59,102,90,124,36,4,153
85,71,159,125,135,94,183,190,65,160
17,85,165,186,84,183,82,63,179
69,102,137,104,83,197,16,178
71,165,83,84,140
69,155,189,165,183,153,56,178
33,126,71,189,90,195,153,81,82,56,27
49,90,104,94,141,183,81,178,65
17,155,124,104,84,79,160,106
33,69,124,36,153,170,76,63,99,179
85,159,180,34,36,83,4,79,190,27
183,160,172,0,191
11,169,90,137,186,79
155,78,36,197,141,183
33,25,126,11,169,180,34,78,36,84,10,16,79,81
33,69,165,4,84,135,195,153
11,169,148,56,101,158
16,148,119,41,177
12,137,186,38,99,27,13,160,95
59,25,69,155,180,34,16,141,190
49,59,25,17,85,189,180,137,53,104,36,94,76,140
12,25,71,124,78,186,197,141,38,82,148,192,139
85,11,34,124,78,16,153,178,145
12,17,126,78,135,81,56,179,101,107,86,95
69,169,189,90,137,4,195,16,94,79,82,99,192,178
17,159,169,189,178
59,12,25,85,53,104,36,83,195,16,141,153
183,112,93,182,37
94,190,101,68,163
159,169,34,53,125,135,10,195,16,94,141,38
25,85,34,53,36,195,94,141,183,82,140
17,69,155,180,125,83,84,10,141,79,63,101,166,86
49,69,155,189,34,137,83,186,46
153,95,120,156,115
104,94,38,13,62
25,17,69,189,84,10
71,141,38,107,151
197,7,6,88,57
85,69,180,78,135
90,78,83,46,195,79,190,99,178,13,160
153,63,160,154,146
33,85,189,124,125,153,170,38,112,178,166,131
33,49,12,85,102,90,34,94,81,38,45,131,146,139
25,159,102,180,78,83,183,38,82,86,62,95
17,71,11,90,36,83,135,46,141,82,190,76
49,59,25,85,126,71,159,180,137,78,125,135,153
49,165,78,183,63
85,126,71,189,186,4,197,135,141
85,11,90,186,4,170,190,148,56
17,169,84,170,148,145
155,189,165,53,83,141,183,170,81,112,99,179,160,166
189,137,36,186,13
59,124,94,81,187
33,155,36,170,81
12,17,85,165,141,112,56,192,13,154,131
11,159,90,180,195,38,112,148
33,59,12,169,180,34,84,135,10,153,79,38,82,166
165,82,101,129,31
71,180,186,63,145
49,180,78,141,149,166
169,102,4,10,94,141
159,189,165,180,124,78,36,83,197,195,38,112,140
49,90,78,53,186,94,183,81,56
78,82,190,56,14
192,168,130,77,161
25,81,76,32,161
126,169,155,34,125,197,16,94,79,148,178,101
49,126,137,81,192,107,106,93
85,53,197,79,56,101,107,149
59,11,69,165,137,183,79,82,101
12,169,16,79,82
59,17,126,71,155,102,78,53,125,197,46,183,153,79,38
166,23,130,171,118
137,160,62,130,37
78,183,170,148,27
59,69,124,78,36,83,84,94,141
165,104,135,149,114
85,126,102,189,165,195,76,63,45,27,145,168
189,90,78,53,104,135,183,79,112,63,99,178,27,154
11,159,189,125,46,153,38,63,160,145,131,139
159,155,45,86,151
49,126,34,10,190
33,59,11,159,169,180,53,16,153
17,85,126,69,155,90,124,195,76,112,140,63,45
33,104,10,16,141,112
186,183,22,75,57
49,124,63,47,198
11,69,186,135,195,183,153
11,169,102,104,36,81
12,17,126,169,189,137,78,125,38,82,76,112
126,104,36,179,149
126,189,165,180,53,104,36,83,4,94,141,81,190,99,27
69,189,90,125,16
179,192,194,54,21
33,71,78,125,135,46,170,139
126,169,90,10,195,81
104,16,183,27,65,131
49,25,85,137,124,197,148,56,45,179,101
71,90,83,46,190,179,166
155,90,34,186,84
49,135,38,56,179,101,13,149,146
17,85,159,169,90,180,137,36,4,135,94,153,81,140,63
59,71,169,102,165
135,56,101,160,154
49,17,11,69,169,186,153,79,170,76,63
10,168,35,161,31
59,90,81,19,47
189,197,38,112,148,179,172
69,155,102,165,34,137,197,135,38,82,140
71,34,104,56,160
33,69,169,165,90,53,125,197,135,46,170,112
49,53,36,10,94,107
12,155,90,137,197,195,16,183,170,112,140,101,65
186,153,79,63,178,166,145,51
11,69,189,94,148,56,101,13,154,146,86,151,26
25,126,71,11,69,155,34,124,53,135,141
126,69,102,34,124,4,84,195,16,101,13,149
59,159,102,90,34,137,36,83,84,135,195,94
33,25,17,71,125,186,135,46,183,79,170,82,112
33,49,59,85,11,159,34,125,79,76,140,45,27,13
86,41,32,75,147
183,179,192,13,166,146,95,23
169,102,90,46,82,76
33,71,36,94,38,112,140,56,63
59,17,34,124,53
11,180,83,94,153,79,170,76,112,148,140,63,149
56,27,131,62,51
85,11,159,189,34,125,82,76,148
33,102,180,4,38,179
33,25,85,159,165,137,78,83,186,197,141,183,140,107
85,155,146,139,23
65,61,47,9,68
12,11,159,155,34,125,83,183
33,59,25,71,159,169,155,78,83,4,84,46
71,69,90,53,186,4,10,16,183,79,76,56
102,189,36,4,81,112,148,149
161,97,24,96,21
49,126,71,69,155,189,53,84,46,16
59,155,165,125,183
85,11,155,125,179,160
59,155,124,36,83,197,10,16,170,140,179,178,65,160,51
165,81,41,0,108
71,159,155,180,104,36,83,197,38,140
137,4,197,46,195,45,101,131,62
33,69,159,186,10,153,140,99,178,13,149
85,11,197,16,153
102,22,130,42,18
33,71,78,186,195,79,131,106,19,22
53,153,38,99,149
165,124,63,9,121
12,102,90,124,4,197,81,38,76
25,155,170,190,148
124,135,10,94,79,56,65
85,102,53,104,141,79
159,102,180,78,186,46,195,79
17,165,53,81,82
71,124,36,125,83,197,135,140,99
59,17,102,83,153,140,51,106,151,93,35,152
33,102,34,135,107
16,114,182,44,123
71,78,195,56,192
33,36,179,27,51
33,85,90,46,153
12,53,94,190,140,192
49,17,69,189,180,4,195,183,153,170,82,76,148,101
12,11,169,165,90,180,78,104,83,46,94,38
12,25,189,53,135,38,190,140,56,178,13,160,117
102,53,83,94,56
126,90,197,135,195,16,183,63,192,178,27,65,107
13,166,35,156,77
49,17,71,69,155,186,197,135,183,190,179,178,13
12,11,155,90,137
49,69,165,104,36,186,4,135,46,94,183,38
59,12,126,11,34,104,94,82,76,112,45,179,101,13
59,12,17,85,155,165,124,78,104,10,16,141,183,170
33,155,165,180,125,186,197,46,10,183,76,56,63,65
165,180,78,53,36,83,46,141,183,170,81,82,179
12,85,124,104,84,148,63,99,192
12,78,4,94,76,112,63,45
59,85,170,131,95
124,186,145,106,19
169,197,153,179,19
59,69,169,141,153,79,63,45
159,104,125,81,82,99,27,13
71,155,165,135,46
49,17,69,155,102,189,137,125,4,135,170,81
159,78,153,79,81,179,27,65,145,146,139
49,45,192,117,114
49,102,165,180,78,135,153,190,99,178,65,145
12,4,135,153,86
69,159,169,180,53,36,84,38,76
59,126,155,102,137,104,197,148
124,170,95,114,151,22
46,195,94,38,112,56,45
12,69,165,78,83,4,84
49,17,11,169,155,34,83,141,63,45,192,178
4,179,27,44,47
25,71,53,104,183
17,102,10,16,94,153,38,56
59,12,71,11,189,137,36,83,46,10,195,38,82,179
33,49,25,71,124,84,46,10,141
59,17,159,180,124,78,104,186,183,170,38,76,56
165,137,4,10,79,170,140,99,160
34,135,82,112,101,145
49,59,165,124,4,197,84,135,141,81,27,131,146
34,63,86,95,9
104,135,79,131,9
12,159,36,183,170,45,192
71,165,104,10,81,76
17,85,94,38,148,45,178,107,149
49,85,126,78,63
49,159,78,36,125,186,141,153,190,99,27,101
85,11,180,53,36,125,4,141,170
84,135,10,160,172
137,53,16,154,117
49,85,126,69,195,94,99,178,65,166,51
25,102,125,195,76,149,145,146
170,82,178,86,182
85,90,124,41,105
17,94,38,45,129
124,106,143,31,28
16,170,112,166,95
12,90,34,153,160
59,126,124,104,125,186,84
33,17,34,186,197,135,46,153,192,101,160,166
17,46,141,82,112
85,102,189,36,186,84,16,183,38,56,99,192,101,13
33,25,17,85,71,155,90,137,124,53,83,186,10,94
195,56,23,158,143
49,11,169,155,78,36,84,135,153,81,38,82,112,45
25,126,11,102,90,104,83,4,46,10,16,153
49,102,165,137,124,104,36,83,135,195,79
23,119,182,9,3
165,90,104,135,195,16,170,190,148,106
169,36,46,16,141,153,170,38,148,56,178,13
104,135,63,101,117
33,85,11,69,169,90,36,186,16,79,81,148,63,149
49,25,165,90,78,94,76,56
33,12,71,180,124,125,153
180,36,197,46,107,194,50
33,85,71,137,124,78,53,84,10,94
12,25,169,53,36,153,13
33,71,169,155,189,90,53,195,141,38,148,140,192
141,101,23,61,44
49,59,25,137,186,16,141,183,76,27,166
17,46,79,146,187
49,71,69,159,165,180,124,78,53,4,46
25,11,69,189,78,104,148,45,179
78,16,38,190,95
12,69,180,125,107
102,165,180,104,36,195,16,79,112,63,99,179
25,155,165,34,53,104,197,135,46,76,148,63,101,13
49,159,189,165,53,36,186,84,135,10,16,101
155,38,45,65,166
126,169,90,78,186
49,25,17,155,102,137,16,94,141,170
137,124,183,140,65,160,154
25,71,69,102,34,125,197,135,46,195,190,112,148
69,189,165,124,83,186,10,153,79
25,90,78,186,170,190,63,192,101,107,145,168,172
16,23,44,15,121
49,17,102,189,104,36,46,38,112,56
12,126,71,104,94,170
71,11,69,159,189,125
124,16,190,27,51
49,85,46,183,192,65,107,114,22
33,16,178,95,114
33,69,159,125,186,135,94,141,170,38,82
25,169,36,16,62
69,83,76,148,13
12,17,11,189,34,125,186,197,94
124,4,135,10,82,56
49,69,169,104,36,186,135,153,79,81,112,63
197,76,140,101,154
71,155,165,90,34
49,71,165,90,180,78,36,186
49,59,25,71,11,159,137,53,104,84
17,53,95,119,161
12,11,169,165,90,125,83,186,4,10,141,153
33,78,125,84,46,195,94,141,190,112,56,99
169,83,38,131,23
12,71,90,78,104,83,135,46,195,79,81,148,56
53,16,192,13,152
33,85,71,78,135,10,79,190,76,149,131,86
169,90,180,34,125,76
17,85,126,71,189,90
17,125,186,190,179
159,83,84,94,190
33,59,126,69,102,165,137,124,78,36,186,4,46,153
33,59,197,84,183
25,17,85,71,69,102,189,34,137,36,4,10
49,85,126,36,10,99
126,34,141,82,140,41,182
126,189,53,104,83,84,195,79,27
102,83,84,38,82,112,179,154,106
38,56,23,119,5
12,25,126,34,186,170,81,38,190,140,99,160,146,62,114
126,11,155,189,124,135,46,140,56
25,4,63,179,182
81,140,45,27,117
12,85,126,11,189,165,104,36,83,135,141,153
49,25,126,125,186
71,159,155,190,192,107,154,139,86
71,69,124,4,197,141,153,190,168,51
59,159,189,34,53,125
71,169,78,36,135,195,16,183
124,38,63,27,65
82,99,166,117,162
85,126,69,155,90,34,186,135,10
94,51,68,184,89
59,25,53,125,79,81
33,49,104,4,84,46,10,140,179
159,165,46,141,82
155,137,84,76,179,166,114,151
49,165,34,137,124,79,38,76,148,179
165,10,94,81,65
49,59,25,69,124,53,125,4,46,141,82,56
33,159,102,90,36,125,83,170,81,63
59,25,71,69,155,102,124,186,197,16,153,81,82
59,85,11,159,102,124,83,197,10,38,27,101,160
17,69,90,112,45,13,106
59,83,16,192,182
169,165,137,104,83,135,141,183,79,190,45,192
33,49,25,69,189,180,53,36,186,4
59,169,90,104,141,170,190,149
34,36,84,27,50
78,197,135,10,76
12,25,126,169,90,135,81
125,141,38,112,56,101
49,85,186,197,16,141,153,45,13
25,85,34,137,16,79,38,82,148,45,99,179,178,160,107
59,17,85,69,102,83,186,4,153,76,148,56,63
11,65,145,168,14
33,71,155,135,76,140
71,169,36,79,146,168
12,25,169,90,36,153,149,194
126,102,180,125,135,10,153,170,148,99,154
71,189,34,124,104
71,11,155,124,78,125,135,38
12,71,137,78,135
12,69,34,124,186,197,141,153
25,165,90,180,53,83,186,16,141,112,56,192,154,145,131
12,90,36,141,38,148
25,197,10,13,65,160,145,139,51,95,129,26,194
33,25,159,84,99
126,69,102,34,46,79,140,192,166
25,159,102,90,195,76
25,36,197,46,190,140
25,79,37,185,157
49,17,180,78,38,112,154
49,69,155,165,125,84,135
195,45,192,194,7
49,71,137,78,141,81,76,160,139
34,197,93,177,47
12,25,137,197,10
84,141,63,145,117
33,104,79,179,158,182,177
49,12,165,34,104,186,192,178
126,69,34,53,104,83,84,135,10,190,76,45
33,84,16,94,27
33,49,17,69,155,102,83,186,4,197,153,140
49,25,169,180,137,125,195,140,63
33,49,59,126,90,78,36,197,195,153,190,148,140,45
11,102,90,78,140,86
36,153,182,152,24
33,59,71,34,53,36,83,4,183,82,190,112,148
12,85,169,155,102,180,124,170,82,112,178,101,13,65
126,180,124,125,135,141,170,112,63,101
59,12,85,11,159,90,135,46,10,183,170,140
10,153,27,182,14
33,125,195,79,56,179,101,160,166,131
102,125,135,16,94,79,190,76,148,192,145
141,183,178,27,116
11,155,189,90,36
169,155,53,197,195
12,155,53,183,140,63,27,65,107,166,86,168,62
49,12,25,69,124,78,125,83,197,195,79,81,38,190
102,148,56,51,26
12,137,53,104,36,125,84,94,141,63,179,160,154
125,112,65,107,146
59,17,71,169,155,102,34,83,135,10,141,79,82
25,11,137,197,170
10,195,190,178,86
78,153,76,112,63,149,154,145
49,102,165,104,83,46,10,148,140,179,192,107
189,125,158,130,96
126,69,189,53,84,135,195,94,170,81,112,63
46,16,79,81,38,82,45
17,180,104,36,81,99,179,192,62
12,159,169,53,27,13,160,145
23,177,184,185,132
69,83,10,190,56
83,192,65,160,0
25,126,102,189,186,112,139,106
85,126,71,102,125,46
78,53,183,63,162
33,49,71,90,137
186,195,140,56,13
59,69,189,34,125,195,16,153,76
104,27,101,182,156
49,59,90,36,125,84,141,81
25,71,159,102,165,53,83,4,197,84,135,46,153,148
170,19,194,66,176
12,125,46,153,38,190,148,140,56
33,126,155,165,36,83,10,16,94,153,38,190,56
125,190,182,44,47
71,137,141,140,41
197,114,66,196,28
12,17,170,13,62
90,104,94,170,82,190,56,154,62
33,135,154,95,7
59,11,165,190,112
126,180,137,79,0
33,159,102,189,197,135,195,170,82
189,34,83,16,82,112,154,114
189,90,180,65,106
159,165,38,56,27
49,137,78,53,135,10,141,183,81,112,63,179
159,53,186,135,82,63
169,165,180,124,78,4,170
25,165,180,197,170
165,90,76,45,178
33,197,135,183,190,63,27
33,85,69,34,137,124,153,170,190,76,63
137,53,135,141,153,76,45,192,13
59,4,141,112,140,27
85,69,169,189,34,137,53,125,153,38,45,192
85,169,99,65,107,131
11,69,159,155,189,34,124,53,183,112,65,107
71,102,34,137,104,84,195,76,140
71,189,104,4,94,38
126,102,83,197,27
12,155,125,76,112,13,65,62,151
49,85,126,71,11,69,102,189,125,135,153,79
12,25,102,34,137,104,125,94,112,63,178,27,145
17,85,159,155,102,180,34,124,53
33,17,69,180,36,141,153,170,140
165,34,36,83,4,190
59,17,69,90,34,135,141,183,170
59,78,36,125,101
33,126,34,4,81,82,101,13
33,12,155,180,183,112,99,179,192
33,137,78,53,38,82,112,56,146,139,86
33,17,180,34,135,10,190,76,101
33,124,36,195,38,76,148,140
17,85,69,102,180,104,4,153,170,190,76,148
12,17,69,159,169,137,83,135,10,195,153,45,178
12,85,169,125,135,10,183,63,101,145
17,78,83,94,170,178,13
155,189,36,84,10,16,38,178,65
12,126,124,94,82,190,76,63
33,59,169,189,180,34,84,190,27,107
69,102,34,94,192
33,49,25,11,90,135,46
33,12,85,169,155,124,82,148
159,53,83,35,43
33,25,126,155,165,34,53,84
180,125,186,63,106
126,102,104,186,135
59,155,165,135,94,81,38,148,56,179,160
25,34,124,125,195
59,126,165,82,112
59,17,155,36,186,197,84,16,170,76,101,149
12,126,71,137,53,197
33,49,59,85,126,11,102,34,104,125,84,190,112,179
183,65,106,26,19
11,159,137,153,76
69,186,10,56,27
49,126,124,195,94
33,165,4,151,19
78,84,82,101,13
159,78,140,99,65
186,10,146,86,151
84,120,32,67,15
49,12,90,124,36,125,186,112,149,145,62
25,85,165,34,104,197,94,141
49,36,125,186,94,141
159,102,104,125,197,195,153,81,82,140
12,159,155,189,124,36,186,135,153,13,160,86
126,125,10,190,179,101
126,71,155,34,94,183,99,154
155,84,76,63,178
49,17,85,124,36,179,86,172,35,177
165,166,35,130,61
102,95,133,88,66
25,69,180,16,153,63,160
59,126,71,102,180,170,38,76
49,195,16,154,151,22
59,159,36,83,38,82
197,160,117,152,14
33,49,102,90,180,10,112,56,45,129,158
69,137,4,178,27,146,139,168,51
85,102,137,153,81,82,192,27
33,85,11,155,102,90,180,124,53,36,195,94,79
11,186,94,183,148,65,146,62,151
49,17,71,102,53,104,84,153,79,140,56
33,59,12,17,85,165,90,137,16,56,178,131
33,189,137,83,197,195
49,71,124,141,112,140,56
33,49,12,159,165,34,135,148,140
59,12,25,17,69,169,78,186,94
154,166,146,51,191
49,12,11,152,24
59,17,85,169,125,46,183,81,76,56
155,189,165,34,124,4,46,79,82,63,192,149
59,189,190,76,13,107
169,102,165,34,78,104,125,83,186,141,38,190,56,99
165,125,84,16,153,112,140,99,179,160
49,59,17,159,90,178,106
90,104,135,170,112,13,65,131,168,106,129
33,12,155,195,16,170
180,179,62,61,44
81,38,65,154,172
189,153,82,27,107
159,155,34,125,99,179,178,86,168
49,59,12,85,11,69,102,180,137,78,83,81,63,99
33,12,159,125,84,16,94,141,170,81,112,99,13,168
53,186,4,153,99
165,79,82,23,93
189,125,183,153,81,27,101,65
12,85,124,36,125,83,153,76,112,148,140
12,155,189,124,104,36,197
25,71,180,104,170,82
17,189,137,53,36,197,10,81,179,178
159,102,165,34,124,125,10,153
49,25,169,102,90,53,83,16,81,82,192,13
25,85,69,169,36,4,16,79,38,76,99,178,65
33,85,11,102,189,180,34,53,104,10,16,82,148
85,11,69,102,189,180,104,125,10,81,82
33,49,71,169,137,83,46,94,79,76,112,56,63
11,90,180,53,83,197,135,153,76,112,45,178,149,166
12,25,17,197,56,13,107,139,62,19
12,85,71,78,104,125,83,135,94,183,153,81,76,56
49,146,47,127,122
25,159,189,90,34,186,197,46,153,79
12,189,165,137,4,79,170,140,65,107
126,189,165,36,94,141,79,65
137,53,82,86,7
25,155,165,46,16,99,101,168,51
71,46,16,99,107,149,131,139,86,95
170,148,158,24,173
90,183,82,101,106,151
59,186,197,135,10,16,148
59,159,186,135,183,38,45
71,69,169,155,165,124,36,186,81,82
49,59,17,104,10,183,153,170,81,38,148,140
90,34,94,153,79,170,190,160,107,166,131
12,17,34,120,47
12,85,126,137,78,84,195,82,148,114,23,119
126,159,189,90,180,36,83,135,46,38
126,83,197,141,81,76,56,179
155,125,84,65,160
69,169,78,4,94,56
90,36,135,183,190
159,104,46,16,94
49,25,69,165,135,148,45,179,13
49,59,4,197,195,170,82
59,69,155,189,78,4,46,195,79,170,56,63
49,59,12,71,102,180,84,46,16,153,190
33,17,85,159,78,125,186,46,195,16,79,190,63,27
12,94,79,38,148,63,192
25,84,62,19,24
12,169,165,104,10,16,81,99,192,154
33,85,102,94,148,140,27,172,119
159,155,135,10,195,141,153,38,190,148
33,159,141,153,27
85,71,155,165,137,84,135,82,160,107,166,145
59,85,11,90,125
25,189,16,153,79,38,99,179,192,27
71,36,125,83,141,192,101,160
155,183,112,107,51
12,11,137,84,46,94,183,153,170,81,112,56
65,108,96,199,100
59,11,169,165,124,78,83,4,135,183
33,12,85,159,189,195,141,112,178,131
126,102,180,34,135,79,82
133,132,80,73,87
33,179,101,26,193
159,38,190,132,113
69,10,94,13,107
4,195,76,148,99,178,107,154,145,146
25,17,169,83,135,183,81,112,179,160
59,25,126,69,165,4,197,135,10,94,183,38,82,112,27
17,69,53,84,99
59,11,155,137,4,46,82
85,34,4,197,84,10,94,170,63,99
33,11,69,159,83,197,10,183,76
169,104,186,10,195,131
49,59,12,25,169,34,137,124,125,186,4,197,84,195
49,159,169,90,84,183,81,149,166
85,135,141,183,145
27,187,150,64,173
85,126,69,169,90,125,83,186,170
12,25,135,16,192
17,90,36,46,99
85,69,159,165,78,84,135,81,82,190,112,63,179,192
12,102,84,195,183,82
59,85,169,180,104,84,195,141,183,45
126,10,183,51,130
59,17,4,135,183,82,148
49,11,155,90,104,83,135,82,140,45,99,107
25,165,53,104,36,197,10,141,183,81,112
141,192,161,24,74
33,59,189,180,53,186,84,46,195,153,82,179
12,69,169,125,117
189,27,151,35,21
11,102,189,165,180,34,125,197,84,148
25,85,11,69,155,102,137,16
102,137,83,183,190,76,112
49,69,159,34,78,53,135,195,16,112,140,179,154
195,94,26,182,110
126,53,56,149,7
85,180,195,56,160
59,12,85,126,11,165,34,83,46,94,81,82,140
49,17,36,125,46,141,183,79,82,45,192,27
33,49,59,25,104,36,4,183,170,82,148,140,99
124,83,170,38,148,192
186,94,79,38,82,45,99,192,23
63,179,166,98,1
33,49,25,85,11,180,124,4,197,135,46,195,16,183
12,13,166,146,26
17,159,90,195,141,82
49,169,102,125,197,170,148,56,179,65,160,107,149,146
33,71,169,189,90,78,53,186,135,46,10
69,155,102,34,53,36,195,94,183
17,11,159,102,90,104,186,46,195,190,76
189,124,148,56,160
59,46,141,179,188
69,159,90,124,125,83,186,46,148,140,45,99,179
99,7,108,42,164
59,17,126,69,159,169,104,16,94
169,102,180,124,78,4,148,149
169,13,51,22,162
53,170,95,7,61
155,189,137,53,166
69,180,197,141,183
33,12,34,104,36,10,94,179,192
126,189,36,125,84
165,104,168,0,55
53,36,76,0,77
169,155,197,170,56,179,192,65
169,78,197,56,23,158,41
85,126,197,141,183,153,38,76,112,148,192,13,154,139
33,17,159,180,78
12,165,90,137,124,53,84,10,183,79
49,159,83,10,195,16,38,148,154
12,102,180,137,78,4,192,27,160,168
12,53,83,135,94,153,82,190,148,140,63,101,65
33,12,126,11,69,90,180,124,83,94,79,81,190,140,27
49,59,69,159,169,79,38
180,153,160,23,119,26,177
17,16,140,99,192,13,168
12,85,137,124,104,125,4,197,10,82,112,154,166
71,94,153,81,56,45,99,179
195,16,141,179,178
169,190,76,95,22
59,71,124,94,178
49,155,124,53,104,125,83,79,99
85,135,46,112,107
12,71,159,83,4
25,155,102,180,34,4,84,46,10,81,82,112,148
169,16,148,99,178
17,126,102,189,165,34,137,104,135,141,170,140,99
140,101,154,166,131
102,90,36,125,16,183,112
33,25,69,180,34,78,53,36,83,186,197,141
135,10,177,40,18
49,126,159,155,90
85,169,124,125,4,197,84,76,192
85,155,183,158,19
25,126,11,169,189,104,4,79,170,63,99,178
17,189,165,83,135
12,197,183,86,44
11,99,146,129,50
126,4,190,101,107
180,197,170,149,23
49,85,124,36,83,94,190,76,149,145,131,139
189,112,65,19,54
33,49,71,169,195,94,38,140,45
102,34,125,195,153
85,69,159,34,124,36,125,135,195,16,94,183
49,12,71,169,189,90,83,186,10,16,141,153,38,190
33,59,71,159,90,34,4,84,135,183,153,38,112,148
85,124,76,149,166
71,137,104,125,94,153,190,112
71,11,189,81,38,63
159,141,170,38,62
12,69,159,102,83,84,195,16,183,190,76,63,131
11,159,169,102,124,36,10,81,148,27,51,129
12,85,159,165,36,135,195,79,38,139
189,104,131,139,129,110
25,11,135,79,51
25,155,189,165,180,34,125,83,135,81,38,190,45
33,69,169,102,90,137,197,141,183,81,190,76,45
53,186,46,10,154
159,78,4,101,114
33,17,189,165,34,104,36,125,46
71,169,189,4,135,10
25,126,169,155,165,78,125,4,84,135,195,183
17,155,183,22,47
33,85,169,104,16
59,11,137,125,186,94,153,76,140,27,101,107,149,146
49,12,17,126,11,189,90,124
85,71,169,189,186,135,195,170,13
4,140,166,146,129
33,49,85,11,159,102,189,180,137,53,125,186,4,46,141
59,94,141,62,194
25,165,46,38,56
33,85,71,169,102,104,81,131,146
12,69,159,90,78,53,186,46,195,82,56,45,27
71,90,180,10,94,81,82,56,45,99,178,13,86
59,25,85,102,189,124,104,36,83,183,140,149,166,139
85,69,104,83,186,84,46,94,183,82,63
25,126,71,159,189,137,82,140,179,192
17,189,124,125,84,16,82,76,56,178
81,9,105,88,184
85,155,104,125,4,10,195,153,79,38,192,65
71,155,165,4,197,16,81,148,178,131
33,153,82,119,108
12,17,126,169,190,101,145,146,129
169,102,178,41,120
34,153,13,35,7
17,169,102,104,125,4,197,16,94,170,112,56,45,99
197,16,45,37,92
69,104,186,84,16,94,153,79
16,81,149,119,93
12,25,137,16,38,190,76,140
12,169,79,190,145,106,22,35
12,17,69,102,78,53,125,141,153,170,82,56,178,149
85,190,61,184,74
11,104,186,16,183,81,82,190,112,148,27,65
49,126,169,155,102,137,124,104,197
84,148,114,9,68
49,59,11,169,34,79
104,101,41,21,181
59,11,169,102,189,165,78,125
85,126,69,197,46,16,81
165,78,197,179,22
12,25,189,165,180,53,83,4,84,46
33,165,34,186,183,38,76,112,45,27,101
126,169,165,90,124,36
180,104,10,81,76,192
59,12,126,165,34,78,53,104,186,183
12,25,16,79,56
33,12,25,159,102,137,141,82,148,149
135,179,139,95,143
17,85,126,155,189,124,104,83,195,16,94
33,71,169,155,104,125,170,76,112
59,180,4,135,46,81,112
169,137,124,53,125,10,16,140,99
49,190,140,45,145
17,126,69,180,53,195,101,166,139
49,59,17,71,11,155,189,165,34,4,10,153,170
25,126,189,137,186,197,10,195
38,27,139,95,23
85,126,159,155,102,189,34,78,125,190
33,49,85,159,124,104,83,197,16,94
12,11,189,180,53,4,197,79,190,112
165,180,115,144,58
33,126,11,197,45,41,188,177
33,25,71,155,165,124,104,125,83,135,16,94,38,148
49,85,165,124,183,153,79,81,82,140,63
33,12,126,71,159,169,78,125
33,49,17,165,137,125,84,79,170,76,148,140,99,179,65
33,49,69,153,112
12,126,71,69,124,125,83,16,81
125,197,10,195,38,82
33,165,124,53,4
12,186,170,27,101
49,59,12,25,17,85,126,155,102,165,34,137,78
190,116,3,162,184
12,148,179,166,146
71,84,195,79,166
53,104,36,148,107,166,95,23
59,17,137,124,36,186,4,84,135,46
49,85,69,137,104,84,135,10,16,94,170,76,148,99
46,149,131,151,22
189,36,79,45,120
12,159,137,83,197,46,82,76,112,140,63,45
33,46,170,56,160
25,102,165,83,45,27,13,160,149,166,139,168
12,85,36,186,46,10,170,56,45
17,155,102,180,104,83,10,76,63
49,17,85,83,135,10,153,79
53,84,190,140,179,166,139,51
59,137,104,197,46
84,135,46,192,146
59,17,69,159,34,137,197,10,192,178,166
85,23,47,187,5
33,59,12,71,102,83,10,76,63,178,149,139,62
51,161,105,54,128
49,69,180,137,36,186
17,137,112,63,106
33,25,71,186,170,82,179,13,160
25,17,53,186,197,79,38,56,99,179,178,166,62
197,195,178,107,26
34,53,83,168,48
12,78,195,79,148
33,17,10,153,170
159,34,94,107,145,95
25,71,69,53,104
135,82,168,19,35,7
71,11,169,34,36,83,195,141,82,178,13,107,149,139
12,25,34,183,140,27
33,12,165,137,125,179,106
25,17,69,16,112
85,53,36,83,195,16,153,38,112,63
126,186,183,63,182
71,137,124,53,125,83,16,153,190,63,99,131
90,46,79,38,148
186,76,45,95,32
10,38,178,139,62
36,84,191,123,80
195,76,192,117,32
59,159,169,53,104,36,94
12,126,197,190,27,107,149,166,62
49,12,71,69,159,102,124,78,53,104,186,84,135
59,25,126,71,159,169,165,104,83,195,79,112
25,85,71,155,102,180,34,104,125,186,4
33,49,59,11,159,180,53,36,186,84,195,141,170
49,59,25,85,78,125,84,153,179,65,160,107
33,126,11,159,165,180,195,76,140,63,178,13,65,145
59,11,69,102,4,141,79,76,148,95
11,169,189,76,148,63,99,101,145,86,106,114
33,149,51,44,108
25,71,180,124,36,83,197,46,195,141,183,153
82,37,55,133,115
59,126,159,169,165,137,53,36,197,99,192,27
85,11,169,155,124,186,10,79,170,82,107,149,154,117
59,25,85,137,78,125
59,17,189,90,180,53,104
49,69,165,124,83,4,94,153,79,81
169,165,36,186,10,82,190,140,99,179,178
165,34,160,146,151
12,71,69,124,76
126,46,153,112,0
69,169,186,82,65
126,169,34,78,104,141,38,82,190,140,63,27
102,46,154,139,130
169,26,3,80,87
33,49,126,155,4,135,195,154
25,53,104,125,84,135,195,16
180,195,149,139,130
165,90,78,104,186,84,94,79,81,38,112,45
33,126,11,102,189,137,36,4,135,94,170,140,179
12,71,69,90,195,170,38,76,99,166,86,168,51,106
33,49,25,85,169
169,180,137,135,153,38,190,112,179,27
126,159,155,78,104,83,195,141,81,82,190
126,78,197,84,46,183,81,190,63
189,124,53,84,183,81,38,190,148,63,178
125,197,183,179,86
11,189,34,84,135,45,146,41
33,36,197,84,16,79,170,82,140,45,179,178,154,166
12,104,125,94,56,63,179,129
12,17,85,11,81,112
33,25,11,69,104,46,10,81,38,140,63
126,159,155,102,137,81,56,179
49,12,25,159,53,186,79,190,45,179
85,155,78,53,76,160
12,155,81,101,154
10,35,164,162,123
84,195,94,148,140,99,166,168
33,155,102,165,104,125,46,10,190
25,71,155,165,180,34,36,186,4,84,135,10,170,82,190
83,13,117,22,93
33,190,192,139,116
46,178,37,162,167
71,34,84,135,183,81,38,190,178,160,149
33,59,71,11,169,53,16,170,145,51,106,114,129,19
59,159,34,104,4,197,84,82,45,149
38,190,149,146,108
126,11,189,180,137,125,197,141,183,170
102,78,51,188,120
25,85,10,82,140,192,51,114,26
59,25,159,169,102
36,153,42,144,176
59,17,126,69,155,90,34,137,124,53,4,46,170
33,25,155,102,90,180,34,135,45,13
34,38,76,112,192
170,81,192,154,50
33,12,69,137,186,10,141
12,84,82,13,131,95
34,135,183,79,76,27,62,51
59,11,137,36,4,84
25,126,90,124,83,4,135,16,82,112,160
159,189,90,124,195,94,56,45
33,17,85,159,155,180,125
124,125,186,10,94,140
180,135,16,76,114
49,25,17,71,159,155,189,137,53
59,12,11,155,189,53,36,186,16,183,170,190,76
33,49,85,69,159,169,155,165,90,180,34,124,53
71,169,197,141,38
25,159,78,104,36,135,183,45,99,179
11,189,38,63,106
49,17,159,189,186,195,94
49,153,190,76,63,143
53,46,16,81,76,112,140
25,11,102,135,16,94,76,148,178,27
165,180,104,192,107
12,159,165,78,104,83,186,135,79,56,99,149,166,168
170,148,154,146,151
33,59,25,85,71,137,83,46,82,148,45,13,154,146
49,12,11,159,189,137,53,104,84,46,10,141,183
49,12,25,17,126,102,189,34,124,36,186,4,197,84
90,10,16,81,65
11,34,137,53,4,46,195,79,82,56,65,62,158
4,192,68,54,164
59,126,155,102,34,137,186,10
25,85,169,124,78,53,104,46,148,179
33,85,165,180,104,79,170,148
33,25,102,90,180,83,195,190,178
25,69,135,101,117
49,12,126,36,10,79,148,140,179,101,145,131
126,159,189,137,153,76,192,13
183,179,156,136,142
17,69,34,78,197
148,63,154,172,143
33,49,11,53,4,45,178,145
25,165,34,104,36,10,81,27
61,191,48,171,167
49,126,90,137,124,141,79,81
33,85,126,11,169,53,125,83,186
85,69,36,10,94,170
71,159,81,148,154
49,25,85,11,69,155,36,197
59,12,69,102,34,53,36,195,94,141,38,148,45,179
33,49,69,155,90,124,125,83,4,141,170,38,76,45
33,124,186,84,153
124,78,125,195,183,27,145,129
33,102,82,178,27,151,35,143
34,137,53,186,4,10,81
25,85,180,104,186,84,16,192
17,165,53,83,79,148,131,130,152
69,34,124,104,197,10,195,16,45
17,90,36,135,16,141,112,63,131,117,106,114,23
197,129,88,113,157
59,126,11,34,124,186
59,186,140,65,77
59,25,137,82,101,166,145
17,126,159,102,34,183,76,148
85,155,135,153,140,63,101,95,114
26,120,66,92,70
102,36,125,197,16,112,56,63,99,179,149
17,90,34,16,81,38,56,99,101,107
49,85,155,102,125,4,76,99,179,65,146,86
49,71,155,197,84,10,81,76
49,12,25,126,102,189,137,124,53,183,56,27,13
12,71,69,137,16,141,82,190,140,45,149,145
17,126,180,53,104,125,4,10,153,148,140,178
71,169,155,90,141,149,95
49,17,11,78,36,83,186,84,10,16,183,81,76,63,179
4,153,170,27,107,106,114
49,159,169,189,90,79
49,17,126,11,159,155,165,34,78,104,197,84,135,10,195
33,49,17,85,159,180,186,84,94,141
12,124,183,81,179
49,90,36,125,83,84,10,141,183,148,56,179,27
78,195,192,107,136
25,189,165,186,190
25,85,159,102,189,180,34
33,49,12,126,69,137,78,125,186,197,135
69,46,10,50,108
11,79,107,106,15
59,169,155,104,186,84,94,170,190,99,179,192,178
33,59,11,159,186,81
11,124,104,197,94,170,190
17,124,83,84,16,141,183,81,38,154,166
102,53,135,141,183,79
11,155,81,62,26,35
25,11,165,90,36,56,63,192,160
49,12,155,102,170,82,56,65,146,86
69,78,79,110,7
104,4,140,131,146
49,12,159,155,83,186,84,10,94,38,56,65
59,11,69,189,180,124,125,4,79,82,63,27,160
17,126,69,102,137,78,104,197,10,141,76
25,126,169,155,102,34,137,78,4
102,104,197,79,56,63,154,106
25,189,165,137,10,183,153,63,192
25,159,104,135,63
17,71,159,124,125
49,155,180,36,46,79,190,112,148
59,71,180,83,186,153
71,34,10,195,16,160,107,131,117
33,59,71,124,46,153,149,166
49,17,159,104,186,10,195,183,81,38,112,56,63,192,101
90,125,186,84,46,195
71,155,83,10,183,82
33,104,16,81,86
94,170,99,179,188
102,90,34,53,10,16,81,76,192,27
25,78,135,190,76,160,95,129,151,41,177
59,17,11,155,186,46,79,170,81,190,76,27,101,160
12,85,71,159,169,53,104,36,197,84,94
71,53,125,141,81,76,148
59,71,69,159,102,180,137,83,183,79,81,38,82,148,45
25,159,169,180,186,197,46,195,63
49,59,71,69,189,124,78,197,135,82,76,99
12,25,11,102,189,165,53,104,84,38,82,56,27
33,17,71,69,159,102,78,53,104,135,183,81,76,56
38,190,62,119,19
85,11,169,189,90,78,46,195,94,112,140,63,192,131
49,85,78,36,135,195,190,76,63,45,13,145,139,62
12,126,11,155,102,53,197,84,10,94,183,81,101
12,85,71,69,189,78,125,135,79,170,82,190
46,170,22,37,144
33,11,189,124,84,195,94,141,82
79,190,99,55,133
71,169,155,90,125,170,112,23
83,135,46,79,81
12,85,71,69,137,83,4,46,195,170,81,38
49,195,112,192,151
25,69,102,180,104,4,141,107,62
12,25,46,148,154
49,34,125,186,197
34,137,186,135,81,76,140,99,179
49,159,169,189,165,90,34,53,36,197,84,195
33,25,126,69,180,53,83,186,4,94,81,38,63
189,104,36,10,183,79,146,168
33,49,104,82,62
33,17,85,11,90
17,71,155,102,90,124,78,104,84,16,141,170,76
49,25,85,71,11,159,124,125,83,10
59,12,34,186,81
33,49,59,25,71,11,82,56
33,59,11,169,90,124,53,36,94,183,190,112
33,12,102,83,135,46,76
12,85,11,137,78
59,71,69,165,53,129
33,12,71,11,165,34,104,125,10,153
17,126,102,36,125,83,46,183,79,38,82
12,126,69,189,165,148,178
49,17,126,71,155,137,125,197,46,195,170,112
59,17,69,34,141,81,192,166
126,90,124,83,135,195,16,153,38,82,190,148
11,159,101,61,2
12,69,197,141,183,38,112,101,160,166,117,95,23
59,25,69,34,124,36,4,10,16,148
49,71,11,180,53,125,46,10,16,94,79,81
33,102,125,84,81
12,85,84,16,38
59,69,169,102,124,84,46,10
124,104,83,186,153
12,17,71,69,180,124,104,84,46,10,94,153,38
126,79,15,5,162
85,159,53,104,10,195,94,183,81,190
33,137,36,182,7
85,126,137,124,53,36,153,82,45,99,101,13
49,25,71,90,104,125,4,197,38
49,90,180,124,186,195
17,159,78,53,38,65,117
33,59,17,85,71,102,189,4,197,46
71,180,94,112,140
59,11,90,135,79,170,65
71,159,124,104,125,10,170,81,112,192,13,154
25,71,69,124,36
59,71,124,104,186,84,82,190,101,160,107
25,124,16,51,95
33,25,11,159,169,102,189,90,104
49,126,159,155,165,90,34
25,165,90,81,38,82,101,160
17,165,104,65,51
69,84,10,182,110
102,195,143,8,109
25,126,155,90,10,179,192
71,84,153,63,179,192
49,71,159,189,186,84,195,94,140,63,192,160
59,12,71,165,34,137,124,104,83,84,195,183
33,49,90,53,83
34,78,125,94,99,178
85,71,90,180,78,149
12,69,34,137,46,195,183,38,76,148
33,59,12,17,11,186,16,183,153
33,11,69,155,104,84,153,178,65
49,12,126,69,90,180,137
126,71,11,159,155,124,78,53,125,4,84,10,16
12,17,11,169,155,102,189,180,34,124,84,195
17,90,137,124,104,125,186,135,10,16
25,69,189,165,90,124,84,10,141
124,83,197,135,46,195,16
33,12,126,11,155,90,4
33,90,84,195,183,81,112
33,85,169,90,125,83,186,141
12,104,125,114,158
90,4,27,62,67
25,71,137,78,104,36,4,135,16,82,192
141,38,151,41,156
12,17,69,159,124,78,186,4,153
33,25,17,71,11,90,34,36,125,4,153,56,45
59,17,85,69,159
59,90,180,135,16
126,159,180,137,124,125,83,186,190,45
33,59,25,71,165,46,170,190,192,178,27,154,146
34,141,146,35,37
12,25,17,169,36,4,153,45,99,107
135,141,130,1,176
59,25,85,126,155,189,137,53,104,36,197,84
59,85,189,180,34,78,125,153,38,190,76,179,160
49,17,137,124,83,186,197,84,170,38,76
169,180,124,84,170
33,180,46,79,190,76,178
102,165,90,34,137,82,112,45,27,65
189,137,197,46,79,179
17,159,165,53,104,36,183,81
69,159,165,90,36,135,183,79,38,76,99,149
11,170,160,44,31
186,38,67,66,162
49,25,69,189,34,78,36,125,135,46,190,99,27
12,135,129,77,68
17,189,186,16,153
33,12,25,85,69,189,137,4,183,170,112,27,107,131
126,197,140,63,172
49,102,34,10,27
126,71,102,78,125,186,82,112
12,155,124,135,81,154,166
33,25,85,124,83,4,84,190,112,56
59,17,71,11,155,124,4,84,94,141,153,170,81
33,78,186,153,112
49,69,53,125,82,190,179
85,69,102,34,36,16,183,170,81,190,140
94,131,117,177,110
71,169,189,135,10,195,16,141,183,82,114,119
33,12,17,85,11,159,155,102,180,124,78,125,83,84,141
17,85,90,53,197,16,183,179
49,126,148,63,107,154,51
25,71,124,83,197,84,10,195,94,170,190,76
49,85,11,165,124,10,183
139,108,47,96,5
59,12,53,112,192
177,9,187,161,6
159,155,186,197,84
59,12,25,159,169,183,153,190,148,63,99
53,84,170,81,108
34,124,13,65,149,51
160,107,146,114,19
81,192,65,145,51,95
59,104,83,84,135,10,94,183,153,170,112,149
53,45,146,143,24
153,160,19,171,58
11,83,140,179,178,154
49,12,126,165,180,137,104,197,10,16,79,76,45,99
49,12,71,169,180,34,104,83,135,170,82,112,148,179
69,155,83,4,38
11,159,165,34,195,94,153
169,90,4,84,46,79,170,76,140,45,178,107
4,45,101,145,120
71,90,135,0,70
126,135,195,94,38,148,160
59,17,85,155,180,34,53,125,83,135
159,169,155,165,90,34,137,104,36,186,197
159,169,90,137,124,125,46,94,148,101,145
71,169,63,178,154
33,159,102,53,16
169,165,180,137,83,4,84,141,183,170,112
33,69,155,180,46,94,131
25,165,83,10,38,82,148,63,160,145
12,84,46,195,16,141,183,170,81,56,65,146
59,17,126,90,36,195,190,56,63
49,102,63,179,166
102,131,119,110,24
165,53,125,83,197,94,141,170
25,17,69,189,124,53,36,83,135,141,140,160
11,81,82,99,107
25,159,102,36,125,197,10,79
12,25,17,85,69,124,83,197
126,83,112,179,160
25,11,169,189,90,180,124,78,53,104,125,4,195
49,59,85,90,124,78,53,186,135,195,183,170,81
189,190,56,65,139
59,85,169,102,34,124,53,36,4,84,195,82
49,12,17,85,11,159,169,102,53,84,94,141,79,82,179
59,69,159,165,90,125,83,4,195,94,153,170,81
11,102,180,78,36,83,186,84,46,141,38,82
25,17,69,169,102,165,90,186,135
154,88,5,1,198
59,71,69,165,34,36,197,135
90,104,10,27,129
59,25,17,71,159,155,82,112,99,178
49,17,71,189,90,137,124,53,197,81
49,126,159,155,180,46,82,101,145
69,102,148,56,145,151
11,159,124,195,112,63
126,71,180,170,65,146
71,189,4,16,183,166,139
104,65,0,156,77
183,26,35,171,132
33,169,76,106,41
33,49,59,180,183,140,101
159,34,137,78,141,170,56,63,99,179,101,13,160,145
49,159,169,155,197,84,10,16,141,179,13,65,107
53,83,141,170,99,192,178,145,106,41
33,59,12,126,90,78,125,186,10,79,82,140,63,45
11,102,83,197,16,82,76,140,160,95,151
59,11,169,155,102,189,124,104,36,135,10,195,56
137,141,153,168,62
11,159,90,180,53,104,83,141,190,112,56
59,17,126,189,137,83,197,135,192
85,126,135,195,81,190,63,99
135,35,47,163,91
85,71,11,69,159,90,137,78,153,79,81,140
59,85,78,186,46
49,11,69,180,124,36,135,195,16,141,81,82
12,126,125,46,79
17,85,90,78,197,46,140,178,160,154,145
25,17,53,104,125,186
11,78,4,149,86
11,159,180,124,83,10,195,183,82,76,148,99,179,160,145
12,85,90,34,137,78,186,4,135,195,81,38
59,71,189,180,104,79,190,148,56,179
59,69,195,119,35
12,17,102,90,180,34,124,78,36,83,186,84
59,12,17,155,137,10
33,165,36,83,79,148,45
49,78,104,125,10,81,76,148,99,13,65
165,78,197,10,16,153,79,148,45
126,71,180,34,36,125,84,46,10,16,94,183,170,63
49,25,126,71,78,186,195,190,148,63,45,27,13
17,85,189,4,51
189,34,104,143,44
49,12,85,78,83,197,135,46,183,38
11,180,78,84,135,141,183
126,159,169,135,46,195,153,27,154,139,106
126,71,189,90,180,135,141,38,63,166
17,85,126,11,159,165,4,46,141,153,81,112,148
33,11,36,83,46,10,153
12,126,36,125,4
169,36,10,27,106
11,53,135,195,94,153,76,63,99,160
33,25,189,124,84,195,153,76,148,56
25,126,155,34,53,4,170,190,76,140,179,27,154,131,86
76,191,187,48,3
135,153,45,192,177
49,36,46,79,170,112,13
59,159,169,124,153,79,38,82,76,63,27,101,65
49,159,102,125,197,84,135,195,141,170
102,82,140,27,101
12,165,90,34,36
159,155,102,165,104,36,135,153,170,140,99
17,69,169,90,34,36,83,4,135
33,71,90,180,137,16,141,38
33,12,11,189,180,83,197,46,170,190,112,65,131
49,59,159,169,102,34,137,78,125,83,84,183
71,159,104,36,46,170,76,148,56,45,178,27
17,126,169,137,16,141
189,124,53,84,82,101,95
49,85,189,137,51
33,85,11,155,165,90,140,146,86,114
49,12,25,126,71,69,159,78,141,183,76,45,99
59,25,189,124,53,197,10,141,153,148,178
180,79,112,160,129
12,71,159,155,124,36,81,63,192,101,65
33,9,68,161,100
85,159,82,140,22
33,71,102,78,179,114
59,71,155,137,36,46,94,183,38
59,190,56,149,117
59,17,85,159,180,124,186,94,170,81,76,148,56,99
12,137,83,38,158
17,85,11,159,169,155,189,137,83,135,183,38
12,71,69,159,90,186,84,195,94,38,82,27
69,16,156,2,196
33,59,25,17,69,78,125,197,141,183,170,81,192
34,101,107,145,182
53,140,149,26,152
17,11,69,169,83,186,197,46
137,82,131,98,132
59,12,102,90,180,78,53,104,36,84,94,170,112,56
33,17,11,90,46,112,45,27,101,149,154
34,4,82,27,101
69,169,189,135,10,79,170,38,63
11,104,82,101,61
49,25,11,78,4,197,179,146,86
104,170,81,63,101
186,93,68,29,1
137,16,79,170,166
33,85,126,69,159,125
11,104,197,183,153
195,16,153,79,62
71,159,169,102,78,125,197,16,81,112,56,45,179,145,168
33,71,159,189,137,186,135,153,79,148,140,192,160,154
59,13,7,115,66
153,131,14,3,164
33,59,85,169,102,189,165,34,137,124,78,36,125,197,94
17,71,53,76,158
71,155,137,53,104,183,81
34,36,82,56,63
59,126,11,165,186,197,10,141,170,76,112,192
12,159,195,16,153,81,190,140,107
11,125,83,197,135,183,153
33,85,84,148,65
170,50,55,77,105
12,11,159,169,165,34,124,53,104,197,141,81,112,178
71,155,165,124,53,46,178,13,149,145,117
49,12,169,189,186,81,76,45,166
49,59,102,137,36,10,79,170,190,56,45,27
33,159,169,155,102,90,83,46,153,170,190,112,140,99
126,11,90,34,78,104,36,83,4,84,195,16,94,141
25,11,69,137,135,183
155,90,124,195,94,183,79,112,63
33,59,17,85,126,11,159,90,53,186,16,179,13,65
33,25,17,85,102
36,135,190,112,148
25,17,85,159,90,180,78,104,36,197,46,10,79,190
25,169,125,81,27
25,169,90,125,83,186,46,94,79,170,190,76
155,165,124,104,195,16,153,170,56,192,178,139
159,165,124,78,125,10,79,38,56
59,17,71,137,104,83,197,84,195,94,76,13,65,149,23
165,53,141,179,178
165,190,179,149,145
170,65,107,95,93
126,135,170,160,19
169,137,124,53,4,192
12,25,85,11,155,165,90,46,10,195
33,126,11,90,180,4,153
17,85,159,189,78
12,17,159,169,83,186,197,135
12,69,159,84,135
159,155,189,165,90,34,137,83
85,51,129,0,97
169,102,170,56,145
59,17,102,124,186,195,94,153,79,112,63
11,155,153,112,86
11,82,76,152,161
33,159,99,166,110
33,126,165,53,186,16,141,148,63,101,13,107,154,166,131
49,25,169,102,189,165,90,34,124,10,16,79
17,71,169,180,34,137,83,4,197,183,170,38
71,90,10,192,154,131,139
102,124,125,141,153,79
12,126,45,65,62
78,112,99,182,120
195,112,192,65,160
49,59,17,69,125,183,170,140,56,99,192,13,149
33,12,17,69,169,34,78,53,125,135,82,140
33,59,17,102,125,83,94,183,153,81,63,101,145,146
59,25,71,102,165,90,36,4,197,195
69,53,107,154,145
59,17,85,159,169,165,78,83,197,16,141,183,82,140
71,102,4,153,79,81,166,146,51
178,133,164,157,175
189,165,180,34,145,146
126,53,84,153,190,76,107
33,85,34,78,81,63
126,155,102,165,90,180,78,53,186,10,79
33,186,148,149,114
12,17,11,124,82,112,148,45,178,160,166,139,86
12,126,155,180,34,53,4,16,94,82,190,148
17,126,155,34,78,125,84,79,82,190,76,140,179,192
159,189,83,84,10,195,141,183,38,190,140,27,13,160
124,139,23,172,7
59,11,197,170,112,148
12,85,126,71,69,124,53,10,79,82
53,186,197,170,35
11,189,90,84,190,140,45,179,192,107,149,145,146,139
33,17,169,90,180,83,186,84,10,82,65
25,126,71,159,137,36,4,84,46,141,76,63,178
49,126,71,155,189,180,36,197,195,183,170
49,159,169,180,124,78,186,84,10,195,112,99,178
33,102,189,165,78
49,25,17,11,124,104,36,83,195,183,153,79,38
78,197,79,50,37
85,76,179,178,101
69,102,4,160,139
12,159,169,155,102,83,186,197,84,81,38,190,76
71,159,155,90,34,124,104,135,16,112,148,101,65
